  EFITD    03/25/2017    #174083  3500ms  EFIT01   0  65  65
 0.170000005E+01 0.320000005E+01 0.169550002E+01 0.839999974E+00 0.000000000E+00
 0.176307857E+01 0.347928551E-03-0.281563878E+00-0.460515246E-01 0.199386787E+01
 0.994972875E+06-0.281563878E+00 0.000000000E+00 0.176307857E+01 0.000000000E+00
 0.347928551E-03 0.000000000E+00-0.460515246E-01 0.000000000E+00 0.000000000E+00
 0.341690922E+01 0.341425896E+01 0.341171861E+01 0.340928578E+01 0.340695906E+01
 0.340473604E+01 0.340261483E+01 0.340059352E+01 0.339866996E+01 0.339684224E+01
 0.339510798E+01 0.339346528E+01 0.339191222E+01 0.339044666E+01 0.338906622E+01
 0.338776922E+01 0.338655305E+01 0.338541603E+01 0.338435578E+01 0.338337016E+01
 0.338245702E+01 0.338161421E+01 0.338083959E+01 0.338013101E+01 0.337948608E+01
 0.337890291E+01 0.337837911E+01 0.337791252E+01 0.337750101E+01 0.337714219E+01
 0.337683415E+01 0.337657452E+01 0.337636089E+01 0.337619138E+01 0.337606359E+01
 0.337597537E+01 0.337592435E+01 0.337590861E+01 0.337592554E+01 0.337597322E+01
 0.337604928E+01 0.337615132E+01 0.337627745E+01 0.337642527E+01 0.337659264E+01
 0.337677717E+01 0.337697697E+01 0.337718940E+01 0.337741232E+01 0.337764359E+01
 0.337788129E+01 0.337812257E+01 0.337836552E+01 0.337860799E+01 0.337884784E+01
 0.337908244E+01 0.337930989E+01 0.337952805E+01 0.337973428E+01 0.337992668E+01
 0.338010311E+01 0.338026118E+01 0.338039851E+01 0.338051319E+01 0.338060308E+01
 0.693495703E+05 0.682128594E+05 0.670778281E+05 0.659444922E+05 0.648128398E+05
 0.636828711E+05 0.625545899E+05 0.614279961E+05 0.603030898E+05 0.591798711E+05
 0.580583359E+05 0.569384883E+05 0.558203281E+05 0.547038516E+05 0.535890625E+05
 0.524759609E+05 0.513645469E+05 0.502548203E+05 0.491467773E+05 0.480404219E+05
 0.469357539E+05 0.458327695E+05 0.447314727E+05 0.436318672E+05 0.425339414E+05
 0.414377070E+05 0.403431563E+05 0.392502930E+05 0.381591172E+05 0.370696289E+05
 0.359818242E+05 0.348957070E+05 0.338112774E+05 0.327285332E+05 0.316474766E+05
 0.305681055E+05 0.294904218E+05 0.284144239E+05 0.273401113E+05 0.262674883E+05
 0.251965488E+05 0.241272988E+05 0.230597344E+05 0.219938555E+05 0.209296641E+05
 0.198671582E+05 0.188063399E+05 0.177472070E+05 0.166897617E+05 0.156340019E+05
 0.145799297E+05 0.135275430E+05 0.124768438E+05 0.114278311E+05 0.103805049E+05
 0.933486426E+04 0.829091113E+04 0.724864455E+04 0.620806444E+04 0.516917042E+04
 0.413196338E+04 0.309644262E+04 0.206260864E+04 0.103046106E+04 0.000000000E+00
-0.251219868E+01-0.240751172E+01-0.230486703E+01-0.220426464E+01-0.210570455E+01
-0.200918698E+01-0.191471171E+01-0.182227874E+01-0.173188806E+01-0.164353979E+01
-0.155723381E+01-0.147297025E+01-0.139074898E+01-0.131057000E+01-0.123243344E+01
-0.115633929E+01-0.108228743E+01-0.101027787E+01-0.940310659E+00-0.872385798E+00
-0.806503296E+00-0.742663147E+00-0.680865286E+00-0.621109843E+00-0.563396690E+00
-0.507725894E+00-0.454097478E+00-0.402511390E+00-0.352967620E+00-0.305466206E+00
-0.260007141E+00-0.216590433E+00-0.175216048E+00-0.135884016E+00-0.985943228E-01
-0.633469741E-01-0.301419720E-01 0.102068763E-02 0.301410032E-01 0.572189728E-01
 0.822546035E-01 0.105247885E+00 0.126198828E+00 0.145107418E+00 0.161973670E+00
 0.176797584E+00 0.189579144E+00 0.200318366E+00 0.209015250E+00 0.215669781E+00
 0.220281974E+00 0.222851813E+00 0.223379313E+00 0.221864476E+00 0.218307287E+00
 0.212707757E+00 0.205065877E+00 0.195381656E+00 0.183655099E+00 0.169886201E+00
 0.154074952E+00 0.136221350E+00 0.116325417E+00 0.943871383E-01 0.704065105E-01
-0.309128594E+06-0.308670280E+06-0.308211969E+06-0.307753655E+06-0.307295344E+06
-0.306837030E+06-0.306378719E+06-0.305920405E+06-0.305462094E+06-0.305003780E+06
-0.304545469E+06-0.304087155E+06-0.303628844E+06-0.303170530E+06-0.302712219E+06
-0.302253906E+06-0.301795562E+06-0.301337249E+06-0.300878938E+06-0.300420625E+06
-0.299962312E+06-0.299504000E+06-0.299045688E+06-0.298587375E+06-0.298129063E+06
-0.297670750E+06-0.297212438E+06-0.296754125E+06-0.296295813E+06-0.295837500E+06
-0.295379188E+06-0.294920875E+06-0.294462562E+06-0.294004250E+06-0.293545937E+06
-0.293087625E+06-0.292629312E+06-0.292170969E+06-0.291712656E+06-0.291254344E+06
-0.290796031E+06-0.290337719E+06-0.289879406E+06-0.289421094E+06-0.288962781E+06
-0.288504469E+06-0.288046156E+06-0.287587844E+06-0.287129531E+06-0.286671219E+06
-0.286212906E+06-0.285754594E+06-0.285296281E+06-0.284837969E+06-0.284379656E+06
-0.283921344E+06-0.283463031E+06-0.283004688E+06-0.282546375E+06-0.282088063E+06
-0.281629750E+06-0.281171438E+06-0.280713125E+06-0.280254813E+06-0.279796500E+06
 2.766789621e-03 1.240488142e-03-3.237289056e-04-1.923550735e-03-3.532577313e-03
-5.098965019e-03-6.550285027e-03-7.803468048e-03-8.146064360e-03-6.843626506e-03
-5.451846864e-03-4.606922157e-03-3.928311166e-03-2.757847084e-03-1.178156228e-03
 7.908236075e-04 3.163590110e-03 5.975801956e-03 9.293818839e-03 1.323688403e-02
 1.801794208e-02 2.305661701e-02 2.792200074e-02 3.280961514e-02 3.785514459e-02
 4.317545891e-02 4.889596628e-02 5.517577009e-02 6.224161015e-02 7.038211823e-02
 7.764624062e-02 8.339396864e-02 8.783049883e-02 9.083934873e-02 9.235201776e-02
 9.215070304e-02 9.098640087e-02 9.087228027e-02 9.150230887e-02 9.268436581e-02
 9.429601583e-02 9.625515343e-02 9.850269559e-02 1.009925306e-01 1.036858484e-01
 1.065479368e-01 1.095462590e-01 1.126492545e-01 1.158256754e-01 1.190441474e-01
 1.222730131e-01 1.254804879e-01 1.286349594e-01 1.317054629e-01 1.346624345e-01
 1.374784261e-01 1.401289702e-01 1.425932497e-01 1.448548138e-01 1.469019651e-01
 1.487279236e-01 1.503307968e-01 1.517132372e-01 1.528818757e-01 1.538466811e-01
-5.641057360e-04-2.478511771e-03-4.486236270e-03-6.615707658e-03-8.863867253e-03
-1.117106993e-02-1.301434635e-02-1.363894437e-02-1.289359480e-02-1.074174419e-02
-8.655533198e-03-7.046179847e-03-5.597692447e-03-3.989343062e-03-2.132382237e-03
 1.602381963e-05 2.493846227e-03 5.343314260e-03 8.614347320e-03 1.236270648e-02
 1.661626063e-02 2.116181888e-02 2.581258491e-02 3.060588055e-02 3.561545908e-02
 4.092987626e-02 4.665856810e-02 5.294843017e-02 6.001570447e-02 6.812801209e-02
 7.541915776e-02 8.123390378e-02 8.575204758e-02 8.892341702e-02 9.065028277e-02
 9.069189432e-02 8.985967192e-02 9.006386252e-02 9.102136645e-02 9.254613517e-02
 9.451945868e-02 9.686030445e-02 9.950947015e-02 1.024204791e-01 1.055540592e-01
 1.088746860e-01 1.123483925e-01 1.159412860e-01 1.196186617e-01 1.233444140e-01
 1.270808875e-01 1.307890415e-01 1.344288886e-01 1.379604340e-01 1.413447260e-01
 1.445452422e-01 1.475293339e-01 1.502695530e-01 1.527447999e-01 1.549411267e-01
 1.568520069e-01 1.584781558e-01 1.598269195e-01 1.609112173e-01 1.617483497e-01
-3.894179114e-03-6.081009764e-03-8.401825085e-03-1.099226157e-02-1.391460188e-02
-1.588853447e-02-1.662845350e-02-1.609875821e-02-1.427294313e-02-1.212311350e-02
-1.009200234e-02-8.192749698e-03-6.337550467e-03-4.424142185e-03-2.369938417e-03
-1.153326284e-04 2.383993939e-03 5.162605083e-03 8.245859296e-03 1.164492872e-02
 1.534799021e-02 1.932053640e-02 2.352927439e-02 2.796550840e-02 3.264564275e-02
 3.760267421e-02 4.287890346e-02 4.851816595e-02 5.454587565e-02 6.084728987e-02
 6.679669768e-02 7.197658718e-02 7.630831745e-02 7.975776496e-02 8.230133352e-02
 8.397638798e-02 8.524990083e-02 8.677680044e-02 8.868108688e-02 9.095693383e-02
 9.357763828e-02 9.651294354e-02 9.973316640e-02 1.032096222e-01 1.069140360e-01
 1.108175293e-01 1.148896068e-01 1.190972403e-01 1.234041080e-01 1.277700514e-01
 1.321508140e-01 1.364982724e-01 1.407611668e-01 1.448863298e-01 1.488206386e-01
 1.525133699e-01 1.559188664e-01 1.589990854e-01 1.617257446e-01 1.640818267e-01
 1.660620272e-01 1.676724107e-01 1.689289510e-01 1.698556543e-01 1.704821140e-01
-7.274494987e-03-9.526775233e-03-1.176042762e-02-1.409483887e-02-1.646708324e-02
-1.745748147e-02-1.693530940e-02-1.567352190e-02-1.417807024e-02-1.253560372e-02
-1.080858987e-02-9.024287576e-03-7.176241839e-03-5.237091334e-03-3.171895163e-03
-9.464307795e-04 1.469067298e-03 4.098355769e-03 6.958073473e-03 1.005666051e-02
 1.339419931e-02 1.696464606e-02 2.076044307e-02 2.477677540e-02 2.901255712e-02
 3.346741199e-02 3.813480960e-02 4.299037904e-02 4.797368497e-02 5.296935143e-02
 5.781690032e-02 6.236585231e-02 6.651978941e-02 7.024139163e-02 7.355119291e-02
 7.653683427e-02 7.935206594e-02 8.216870579e-02 8.511607352e-02 8.826845884e-02
 9.166175874e-02 9.530946614e-02 9.921209516e-02 1.033620909e-01 1.077460274e-01
 1.123453603e-01 1.171363964e-01 1.220896765e-01 1.271692067e-01 1.323315949e-01
 1.375253648e-01 1.426908523e-01 1.477607637e-01 1.526619494e-01 1.573185026e-01
 1.616559624e-01 1.656063647e-01 1.691133530e-01 1.721365303e-01 1.746543198e-01
 1.766649336e-01 1.781851948e-01 1.792476178e-01 1.798961907e-01 1.801816822e-01
-1.118300763e-02-1.339984964e-02-1.510899234e-02-1.643467694e-02-1.735824906e-02
-1.723059452e-02-1.660351828e-02-1.563585549e-02-1.442712731e-02-1.304376125e-02
-1.152861863e-02-9.904651904e-03-8.178006859e-03-6.342291364e-03-4.383414052e-03
-2.283873269e-03-2.596038212e-05 2.406083977e-03 5.024705084e-03 7.838312540e-03
 1.085121370e-02 1.406417415e-02 1.747531257e-02 2.108067833e-02 2.487382106e-02
 2.884398028e-02 3.297285362e-02 3.723053636e-02 4.157217966e-02 4.593833908e-02
 5.026208238e-02 5.448188262e-02 5.855472756e-02 6.246465446e-02 6.622629613e-02
 6.988383082e-02 7.350382210e-02 7.716207206e-02 8.092936876e-02 8.486266433e-02
 8.900303391e-02 9.337747844e-02 9.800174835e-02 1.028826535e-01 1.080195084e-01
 1.134046688e-01 1.190233008e-01 1.248524189e-01 1.308594048e-01 1.370000989e-01
 1.432165951e-01 1.494355797e-01 1.555675865e-01 1.615085005e-01 1.671439260e-01
 1.723570972e-01 1.770389677e-01 1.810990870e-01 1.844748557e-01 1.871375143e-01
 1.890939325e-01 1.903837472e-01 1.910724491e-01 1.912418603e-01 1.909802258e-01
-1.696189680e-02-1.977645233e-02-1.994335465e-02-1.938673668e-02-1.885665581e-02
-1.818222924e-02-1.732763275e-02-1.630722172e-02-1.514530554e-02-1.386339125e-02
-1.247656718e-02-1.099256986e-02-9.412097748e-03-7.729956411e-03-5.936714359e-03
-4.020503720e-03-1.968672270e-03 2.308754702e-04 2.588688632e-03 5.113133691e-03
 7.810065981e-03 1.068272535e-02 1.373170410e-02 1.695479640e-02 2.034655586e-02
 2.389754168e-02 2.759334630e-02 3.141387924e-02 3.533346577e-02 3.932250291e-02
 4.335091262e-02 4.739292711e-02 5.143198741e-02 5.546445401e-02 5.950133133e-02
 6.356755641e-02 6.769896302e-02 7.193756846e-02 7.632651180e-02 8.090590687e-02
 8.571040630e-02 9.076827763e-02 9.610141072e-02 1.017256454e-01 1.076509952e-01
 1.138814315e-01 1.204140932e-01 1.272376328e-01 1.343296320e-01 1.416526884e-01
 1.491492838e-01 1.567356587e-01 1.642959267e-01 1.716791690e-01 1.787036955e-01
 1.851715445e-01 1.908918917e-01 1.957062781e-01 1.995086521e-01 2.022577226e-01
 2.039811611e-01 2.047694325e-01 2.047587633e-01 2.041068525e-01 2.029699683e-01
-2.148784697e-02-2.464393340e-02-2.409646846e-02-2.239897474e-02-2.099408582e-02
-1.974386908e-02-1.855425536e-02-1.737220771e-02-1.616877317e-02-1.492731832e-02
-1.363660209e-02-1.228699275e-02-1.086861920e-02-9.370655756e-03-7.781328166e-03
-6.088295020e-03-4.279213026e-03-2.342312826e-03-2.669188470e-04 1.956144813e-03
 4.334254649e-03 6.872775957e-03 9.574894786e-03 1.244144421e-02 1.547070593e-02
 1.865821889e-02 2.199668250e-02 2.547613530e-02 2.908456697e-02 3.280913828e-02
 3.663796558e-02 4.056222366e-02 4.457826914e-02 4.868920518e-02 5.290569738e-02
 5.724573132e-02 6.173345816e-02 6.639739129e-02 7.126833498e-02 7.637745887e-02
 8.175493030e-02 8.742900193e-02 9.342560919e-02 9.976822141e-02 1.064777001e-01
 1.135720015e-01 1.210653931e-01 1.289668530e-01 1.372770518e-01 1.459832639e-01
 1.550505310e-01 1.644079238e-01 1.739281416e-01 1.834032684e-01 1.925302148e-01
 2.009346336e-01 2.082446664e-01 2.141629756e-01 2.184993923e-01 2.211856694e-01
 2.222905458e-01 2.220240235e-01 2.206945270e-01 2.186262310e-01 2.160976380e-01
-2.388162166e-02-2.714368701e-02-2.629296668e-02-2.427150309e-02-2.254311740e-02
-2.103213220e-02-1.967526227e-02-1.841992698e-02-1.722478680e-02-1.605765335e-02
-1.489289011e-02-1.370919869e-02-1.248800009e-02-1.121239085e-02-9.866560806e-03
-8.435548283e-03-6.905215330e-03-5.262353450e-03-3.494842436e-03-1.591827135e-03
 4.561232672e-04 2.656878445e-03 5.016639836e-03 7.539862298e-03 1.022921783e-02
 1.308562886e-02 1.610841973e-02 1.929563282e-02 2.264457195e-02 2.615257166e-02
 2.981796861e-02 3.364115953e-02 3.762560709e-02 4.177861290e-02 4.611175878e-02
 5.064092204e-02 5.538589883e-02 6.036975977e-02 6.561806051e-02 7.115808131e-02
 7.701827584e-02 8.322792497e-02 8.981709185e-02 9.681681546e-02 1.042594388e-01
 1.121790633e-01 1.206119359e-01 1.295965314e-01 1.391729563e-01 1.493808031e-01
 1.602533311e-01 1.718035042e-01 1.839902103e-01 1.966400296e-01 2.093000562e-01
 2.210264356e-01 2.309512348e-01 2.385940104e-01 2.436594070e-01 2.459938825e-01
 2.456230968e-01 2.430088372e-01 2.390975357e-01 2.345864326e-01 2.299149631e-01
-2.450422570e-02-2.777717076e-02-2.698618732e-02-2.493732422e-02-2.317563817e-02
-2.165695839e-02-2.033311873e-02-1.915717311e-02-1.808677986e-02-1.708524302e-02
-1.612118818e-02-1.516768151e-02-1.420122106e-02-1.320088562e-02-1.214768179e-02
-1.102410815e-02-9.813894525e-03-8.501879875e-03-7.073978431e-03-5.517205227e-03
-3.819726870e-03-1.970915582e-03 3.860798097e-05 2.216963330e-03 4.571042486e-03
 7.106604520e-03 9.828450151e-03 1.274069586e-02 1.584715025e-02 1.915179006e-02
 2.265931109e-02 2.637570909e-02 3.030880725e-02 3.446871788e-02 3.886814787e-02
 4.352253304e-02 4.845002294e-02 5.367138980e-02 5.920984223e-02 6.509092447e-02
 7.134252040e-02 7.799508423e-02 8.508206162e-02 9.264068308e-02 1.007131040e-01
 1.093480139e-01 1.186028122e-01 1.285466701e-01 1.392647029e-01 1.508640647e-01
 1.634829939e-01 1.773057133e-01 1.925905197e-01 2.097415924e-01 2.291170509e-01
 2.466474770e-01 2.605821788e-01 2.708115578e-01 2.771072686e-01 2.789704205e-01
 2.762580811e-01 2.681445777e-01 2.590622306e-01 2.506790162e-01 2.431026996e-01
-2.369291335e-02-2.695457079e-02-2.629780024e-02-2.438049018e-02-2.278264984e-02
-2.146105282e-02-2.036011405e-02-1.942869834e-02-1.862222515e-02-1.790254750e-02
-1.723699830e-02-1.659729891e-02-1.595854013e-02-1.529835538e-02-1.459628624e-02
-1.383332162e-02-1.299159135e-02-1.205418446e-02-1.100505795e-02-9.829013608e-03
-8.511717428e-03-7.039731368e-03-5.400541235e-03-3.582553236e-03-1.575050643e-03
 6.318915403e-04 3.047545666e-03 5.680720780e-03 8.539997965e-03 1.163400988e-02
 1.497174614e-02 1.856287198e-02 2.241804079e-02 2.654919030e-02 3.096979669e-02
 3.569508718e-02 4.074221849e-02 4.613041134e-02 5.188114198e-02 5.801833418e-02
 6.456875800e-02 7.156252119e-02 7.903393355e-02 8.702263981e-02 9.557527302e-02
 1.047478467e-01 1.146090403e-01 1.252450646e-01 1.367667317e-01 1.493203343e-01
 1.631048023e-01 1.783998162e-01 1.956128925e-01 2.153497189e-01 2.384561746e-01
 2.622108162e-01 2.806867658e-01 2.938220202e-01 3.017352819e-01 3.043363392e-01
 3.008283376e-01 2.907342613e-01 2.759344875e-01 2.634882926e-01 2.531200052e-01
-2.148225717e-02-2.475760318e-02-2.407590300e-02-2.246225811e-02-2.127062343e-02
-2.037850954e-02-1.970439778e-02-1.919015869e-02-1.879224740e-02-1.847599261e-02
-1.821228676e-02-1.797568053e-02-1.774318702e-02-1.749351807e-02-1.720655710e-02
-1.686300710e-02-1.644416340e-02-1.593177765e-02-1.530801877e-02-1.455549896e-02
-1.365734823e-02-1.259731408e-02-1.135983131e-02-9.930050001e-03-8.293806572e-03
-6.437552162e-03-4.348262679e-03-2.013319165e-03 5.796127371e-04 3.442705849e-03
 6.588097203e-03 1.002801768e-02 1.377494539e-02 1.784179173e-02 2.224214190e-02
 2.699052915e-02 3.210271150e-02 3.759595752e-02 4.348934442e-02 4.980412495e-02
 5.656421182e-02 6.379680333e-02 7.153323290e-02 7.981013504e-02 8.867101371e-02
 9.816837314e-02 1.083666832e-01 1.193464697e-01 1.312099993e-01 1.440892518e-01
 1.581568718e-01 1.736407727e-01 1.908415557e-01 2.101493329e-01 2.320543824e-01
 2.569971979e-01 2.782709898e-01 2.936100663e-01 3.032258452e-01 3.071817160e-01
 3.056185246e-01 2.977325321e-01 2.833571733e-01 2.686566114e-01 2.569681704e-01
-1.671235078e-02-1.964014396e-02-1.967107319e-02-1.899487152e-02-1.864857413e-02
-1.848415472e-02-1.844877377e-02-1.851202734e-02-1.865084469e-02-1.884502545e-02
-1.907560602e-02-1.932416297e-02-1.957246288e-02-1.980225927e-02-1.999515295e-02
-2.013247646e-02-2.019523457e-02-2.016407996e-02-2.001937851e-02-1.974134520e-02
-1.931031607e-02-1.870704256e-02-1.791290380e-02-1.690996252e-02-1.568091289e-02
-1.420899387e-02-1.247788314e-02-1.047163271e-02-8.174638257e-03-5.571661983e-03
-2.647912592e-03 6.108568668e-04 4.218277983e-03 8.187416010e-03 1.253103186e-02
 1.726204158e-02 2.239391579e-02 2.794100159e-02 3.391881288e-02 4.034439845e-02
 4.723677787e-02 5.461745338e-02 6.251103431e-02 7.094602287e-02 7.995574179e-02
 8.957957479e-02 9.986443075e-02 1.108665466e-01 1.226534992e-01 1.353063583e-01
 1.489214897e-01 1.636111886e-01 1.795021146e-01 1.967311352e-01 2.154445499e-01
 2.358430029e-01 2.567303478e-01 2.718324065e-01 2.819146217e-01 2.873780430e-01
 2.880398333e-01 2.842786908e-01 2.754361629e-01 2.627153695e-01 2.525953055e-01
-1.007618942e-02-1.214718446e-02-1.363181881e-02-1.464302651e-02-1.543037314e-02
-1.614663378e-02-1.685501821e-02-1.758075132e-02-1.833161153e-02-1.910622232e-02
-1.989781298e-02-2.069612778e-02-2.148843930e-02-2.226011642e-02-2.299490199e-02
-2.367505618e-02-2.428140491e-02-2.479335666e-02-2.518898808e-02-2.544528619e-02
-2.553874627e-02-2.544650622e-02-2.514678053e-02-2.461878769e-02-2.384249121e-02
-2.279832027e-02-2.146697603e-02-1.982933096e-02-1.786646806e-02-1.555987261e-02
-1.289179455e-02-9.845772760e-03-6.407246456e-03-2.563952941e-03 1.694410814e-03
 6.377744947e-03 1.149617693e-02 1.706012151e-02 2.308033964e-02 2.956825124e-02
 3.653628007e-02 4.399818557e-02 5.196931210e-02 6.046682593e-02 6.950990856e-02
 7.911983880e-02 8.931995183e-02 1.001351252e-01 1.115906910e-01 1.237099320e-01
 1.365094930e-01 1.499907821e-01 1.641246528e-01 1.788231284e-01 1.938838065e-01
 2.088687122e-01 2.228918523e-01 2.347855122e-01 2.438495308e-01 2.498598992e-01
 2.528028487e-01 2.528168858e-01 2.502815427e-01 2.460359932e-01 2.412649840e-01
-5.442223977e-03-7.386677898e-03-9.239200510e-03-1.091432758e-02-1.243404298e-02
-1.386230627e-02-1.524687558e-02-1.661770231e-02-1.799085736e-02-1.937261596e-02
-2.076244168e-02-2.215494030e-02-2.354106308e-02-2.490882576e-02-2.624367364e-02
-2.752863243e-02-2.874426543e-02-2.986847237e-02-3.087612987e-02-3.173893690e-02
-3.242560476e-02-3.290824965e-02-3.316229582e-02-3.316516057e-02-3.289512172e-02
-3.233059123e-02-3.144966438e-02-3.022995032e-02-2.864860371e-02-2.668261155e-02
-2.430947684e-02-2.150849439e-02-1.826286688e-02-1.456247922e-02-1.040505711e-02
-5.785939285e-03-6.985427972e-04 4.863434944e-03 1.090493704e-02 1.743054762e-02
 2.444503083e-02 3.195349501e-02 3.996125609e-02 4.847351465e-02 5.749487501e-02
 6.702867898e-02 7.707592100e-02 8.763363212e-02 9.869226807e-02 1.102316976e-01
 1.222151741e-01 1.345802396e-01 1.472255885e-01 1.599926651e-01 1.726432740e-01
 1.848417669e-01 1.961674392e-01 2.061846107e-01 2.145423592e-01 2.210334241e-01
 2.256020607e-01 2.283387334e-01 2.294774950e-01 2.293745427e-01 2.284346372e-01
-1.841433012e-03-3.806640147e-03-5.852725357e-03-7.886778571e-03-9.876890115e-03
-1.184135302e-02-1.379780471e-02-1.575957984e-02-1.773471385e-02-1.972624659e-02
-2.173295245e-02-2.375003509e-02-2.576961555e-02-2.778101527e-02-2.977084368e-02
-3.172296658e-02-3.361833840e-02-3.543448448e-02-3.714358062e-02-3.871117160e-02
-4.007569328e-02-4.120493308e-02-4.207637534e-02-4.266978800e-02-4.296451434e-02
-4.293847084e-02-4.256783053e-02-4.182682186e-02-4.068766162e-02-3.912049159e-02
-3.709362820e-02-3.457480668e-02-3.153552487e-02-2.796404064e-02-2.390252985e-02
-1.934978552e-02-1.429488976e-02-8.731882086e-03-2.665214943e-03 3.900951466e-03
 1.096310931e-02 1.851820013e-02 2.656262369e-02 3.509113936e-02 4.409600046e-02
 5.356599393e-02 6.348517536e-02 7.383108138e-02 8.457227057e-02 9.566500032e-02
 1.070488617e-01 1.186413764e-01 1.303318888e-01 1.419758051e-01 1.533915251e-01
 1.643641442e-01 1.746598631e-01 1.840517223e-01 1.923496128e-01 1.994249821e-01
 2.052243650e-01 2.097722143e-01 2.131638677e-01 2.155480831e-01 2.171000689e-01
 1.349064063e-03-6.767749510e-04-2.902735490e-03-5.226931549e-03-7.603755694e-03
-1.003101934e-02-1.250661910e-02-1.502822711e-02-1.759294978e-02-2.019704133e-02
-2.283564396e-02-2.550255508e-02-2.818993479e-02-3.088795952e-02-3.358442708e-02
-3.626449779e-02-3.891120479e-02-4.150832444e-02-4.402948916e-02-4.650565610e-02
-4.864508658e-02-5.048245564e-02-5.202396214e-02-5.326148868e-02-5.417887494e-02
-5.475475267e-02-5.496383831e-02-5.477729440e-02-5.416246504e-02-5.308171735e-02
-5.148971826e-02-4.932750762e-02-4.650929196e-02-4.289213942e-02-3.890755399e-02
-3.443701937e-02-2.941318228e-02-2.381147817e-02-1.768394187e-02-1.104472113e-02
-3.904846031e-03 3.727958057e-03 1.184494234e-02 2.043335701e-02 2.947626637e-02
 3.895209360e-02 4.883380979e-02 5.908767879e-02 6.967157868e-02 8.053293082e-02
 9.160636371e-02 1.028112992e-01 1.140500232e-01 1.252068133e-01 1.361493767e-01
 1.467332691e-01 1.568102092e-01 1.662391126e-01 1.748982667e-01 1.826958359e-01
 1.895767301e-01 1.955247224e-01 2.005597055e-01 2.047306448e-01 2.081057429e-01
 4.512816202e-03 2.415089402e-03-2.976739779e-07-2.622069340e-03-5.391482759e-03
-8.286835597e-03-1.128762216e-02-1.437708177e-02-1.754237713e-02-2.077375540e-02
-2.406347543e-02-2.740479445e-02-3.079101815e-02-3.421444073e-02-3.766478970e-02
-4.112660885e-02-4.457483813e-02-4.803776368e-02-5.125327781e-02-5.424525216e-02
-5.698168650e-02-5.944501609e-02-6.161918491e-02-6.348565221e-02-6.502245367e-02
-6.620427966e-02-6.700269878e-02-6.738641113e-02-6.732131541e-02-6.677051633e-02
-6.569437683e-02-6.405123323e-02-6.180054321e-02-5.891357736e-02-5.540608986e-02
-5.123233794e-02-4.630088434e-02-4.045191780e-02-3.419166803e-02-2.741993591e-02
-2.015578746e-02-1.239619592e-02-4.144636441e-03 4.579077489e-03 1.375021505e-02
 2.333946523e-02 3.331292422e-02 4.363127053e-02 5.424876885e-02 6.511219591e-02
 7.615974540e-02 8.732013407e-02 9.851217270e-02 1.096451507e-01 1.206203253e-01
 1.313337535e-01 1.416803449e-01 1.515588015e-01 1.608767659e-01 1.695551425e-01
 1.775312125e-01 1.847600639e-01 1.912141889e-01 1.968821138e-01 2.017662078e-01
 8.030715398e-03 5.875473827e-03 3.234644420e-03 2.330681018e-04-3.019756172e-03
-6.461826590e-03-1.004815940e-02-1.374945139e-02-1.754735222e-02-2.143055385e-02
-2.539221942e-02-2.942843923e-02-3.353736177e-02-3.771869466e-02-4.197303578e-02
-4.629950970e-02-5.044348538e-02-5.442576855e-02-5.821635947e-02-6.179526821e-02
-6.513986737e-02-6.822744757e-02-7.103443146e-02-7.353546470e-02-7.570293546e-02
-7.750687003e-02-7.891507447e-02-7.989339530e-02-8.040615171e-02-8.041658252e-02
-7.988757640e-02-7.878268509e-02-7.706761361e-02-7.471197843e-02-7.168900967e-02
-6.796385348e-02-6.349402666e-02-5.823782459e-02-5.218122900e-02-4.518936947e-02
-3.779266775e-02-2.987565658e-02-2.140221000e-02-1.244016086e-02-3.023402518e-03
 6.810926847e-03 1.702485606e-02 2.757685633e-02 3.842134777e-02 4.950828852e-02
 6.078266722e-02 7.218409330e-02 8.364673710e-02 9.509959814e-02 1.064673290e-01
 1.176714077e-01 1.286316365e-01 1.392676681e-01 1.495003998e-01 1.592529118e-01
 1.684509069e-01 1.770229787e-01 1.849012077e-01 1.920226216e-01 1.983323097e-01
 1.251134367e-02 1.040272790e-02 7.326736144e-03 3.636957845e-03-3.421777801e-04
-4.489945262e-03-8.760405733e-03-1.313340847e-02-1.759962362e-02-2.215517500e-02
-2.679944785e-02-3.153433280e-02-3.636454789e-02-4.129955173e-02-4.635906964e-02
-5.127055943e-02-5.602257326e-02-6.060710177e-02-6.500952691e-02-6.921168417e-02
-7.319201529e-02-7.692607493e-02-8.038669825e-02-8.354413510e-02-8.636611700e-02
-8.881814033e-02-9.086377174e-02-9.246519208e-02-9.358371049e-02-9.418049455e-02
-9.421729297e-02-9.365724027e-02-9.246561676e-02-9.061031044e-02-8.806157857e-02
-8.479094505e-02-8.077174425e-02-7.598160952e-02-7.040552050e-02-6.403383612e-02
-5.689629539e-02-4.892929645e-02-3.997446969e-02-3.063786774e-02-2.082996070e-02
-1.060423814e-02 6.937363651e-06 1.096154844e-02 2.221559919e-02 3.372406586e-02
 4.544012246e-02 5.731458214e-02 6.929577148e-02 8.132956180e-02 9.335952252e-02
 1.053269729e-01 1.171707363e-01 1.288264096e-01 1.402249485e-01 1.512903720e-01
 1.619368345e-01 1.720657200e-01 1.815641820e-01 1.903074234e-01 1.981668026e-01
 1.864760561e-02 1.702721603e-02 1.253883826e-02 7.433300896e-03 2.453550682e-03
-2.519095535e-03-7.529276394e-03-1.259913665e-02-1.774230970e-02-2.296861260e-02
-2.828588150e-02-3.370055184e-02-3.921720384e-02-4.483603688e-02-5.054486169e-02
-5.608000234e-02-6.145412848e-02-6.666658818e-02-7.170771062e-02-7.656118273e-02
-8.120537549e-02-8.561410755e-02-8.975722641e-02-9.360104799e-02-9.710880369e-02
-1.002411917e-01-1.029569060e-01-1.052133813e-01-1.069675088e-01-1.081765145e-01
-1.087987423e-01-1.087945625e-01-1.081270576e-01-1.067626327e-01-1.046713591e-01
-1.018271744e-01-9.820820391e-02-9.379716218e-02-8.858145773e-02-8.255209028e-02
-7.570187002e-02-6.801249833e-02-5.946151540e-02-5.005363375e-02-3.965061904e-02
-2.890677749e-02-1.773940584e-02-6.218357943e-03 5.610628970e-03 1.771037650e-02
 3.004415332e-02 4.257450628e-02 5.526357895e-02 6.807345897e-02 8.096623427e-02
 9.390354899e-02 1.068454683e-01 1.197483763e-01 1.325613112e-01 1.452202201e-01
 1.576396375e-01 1.697015018e-01 1.812430620e-01 1.920496970e-01 2.018647342e-01
 2.281374106e-02 2.123918757e-02 1.634130621e-02 1.051515987e-02 4.798084992e-03
-8.737193421e-04-6.550780046e-03-1.226827505e-02-1.805108602e-02-2.391767690e-02
-2.988267693e-02-3.595880794e-02-4.215926678e-02-4.850274324e-02-5.473544075e-02
-6.084559857e-02-6.682699173e-02-7.267130165e-02-7.836549728e-02-8.389110863e-02
-8.922424168e-02-9.433586150e-02-9.919219464e-02-1.037551835e-01-1.079831049e-01
-1.118311808e-01-1.152523831e-01-1.181982756e-01-1.206199899e-01-1.224692166e-01
-1.236992404e-01-1.242659390e-01-1.241287142e-01-1.232512593e-01-1.216021776e-01
-1.191553623e-01-1.158902347e-01-1.117916107e-01-1.068492830e-01-1.010568663e-01
-9.441020340e-02-8.690494298e-02-7.853644340e-02-6.930020452e-02-5.918516219e-02
-4.820514099e-02-3.622290118e-02-2.396502905e-02-1.142302713e-02 1.402772017e-03
 1.448990963e-02 2.781149186e-02 4.134213555e-02 5.505983526e-02 6.894645098e-02
 8.298745006e-02 9.717105329e-02 1.114863008e-01 1.259194315e-01 1.404470802e-01
 1.550240666e-01 1.695612817e-01 1.838868708e-01 1.976838261e-01 2.104198188e-01
 2.576886860e-02 2.414492518e-02 1.883895509e-02 1.262908612e-02 6.448778760e-03
 2.653939882e-04-5.950079285e-03-1.222370101e-02-1.857753845e-02-2.502983439e-02
-3.159530830e-02-3.828474507e-02-4.510251060e-02-5.203874037e-02-5.885044859e-02
-6.555377691e-02-7.215154917e-02-7.863769681e-02-8.499883860e-02-9.121489525e-02
-9.725946933e-02-1.031002030e-01-1.086991802e-01-1.140134260e-01-1.189955845e-01
-1.235946417e-01-1.277568638e-01-1.314268708e-01-1.345487088e-01-1.370671541e-01
-1.389288902e-01-1.400838345e-01-1.404862106e-01-1.400955766e-01-1.388776600e-01
-1.368048638e-01-1.338565350e-01-1.300188303e-01-1.252841949e-01-1.196503639e-01
-1.131190434e-01-1.056940854e-01-9.737967698e-02-8.817777036e-02-7.808415592e-02
-6.708316506e-02-5.512991922e-02-4.215944928e-02-2.889728919e-02-1.526044868e-02
-1.320413809e-03 1.288535629e-02 2.733729219e-02 4.202767840e-02 5.695877597e-02
 7.214262334e-02 8.760149038e-02 1.033684835e-01 1.194879263e-01 1.360147595e-01
 1.530118734e-01 1.705417782e-01 1.886409670e-01 2.072075754e-01 2.252067029e-01
 2.758586590e-02 2.584108713e-02 2.048309520e-02 1.401298490e-02 7.498653664e-03
 9.256392659e-04-5.723836817e-03-1.246760695e-02-1.932260393e-02-2.630481494e-02
-3.342996538e-02-4.071522504e-02-4.818293451e-02-5.559177694e-02-6.293620913e-02
-7.021512092e-02-7.742469012e-02-8.455567808e-02-9.159240872e-02-9.851235151e-02
-1.052861363e-01-1.118776426e-01-1.182443649e-01-1.243378967e-01-1.301046014e-01
-1.354864836e-01-1.404222101e-01-1.448483467e-01-1.487007141e-01-1.519158334e-01
-1.544324607e-01-1.561931372e-01-1.571455449e-01-1.572438479e-01-1.564496905e-01
-1.547329575e-01-1.520721316e-01-1.484542787e-01-1.438745856e-01-1.383353472e-01
-1.318447292e-01-1.244149953e-01-1.160604730e-01-1.067952737e-01-9.663090856e-02
-8.557430653e-02-7.362746444e-02-6.079443172e-02-4.709810393e-02-3.238862751e-02
-1.745706241e-02-2.293036348e-03 1.311174777e-02 2.877094221e-02 4.470825946e-02
 6.096092984e-02 7.758319375e-02 9.465073794e-02 1.122668833e-01 1.305716634e-01
 1.497560889e-01 1.700870544e-01 1.919582337e-01 2.160090506e-01 2.411687225e-01
 2.891951057e-02 2.705092722e-02 2.155608131e-02 1.487947162e-02 8.104780747e-03
 1.219192298e-03-5.791063857e-03-1.293800026e-02-2.023277804e-02-2.768618426e-02
-3.530874850e-02-4.311085866e-02-5.110355841e-02-5.903716387e-02-6.692843141e-02
-7.478480787e-02-8.260559292e-02-9.038218857e-02-9.809810669e-02-1.057289839e-01
-1.132425889e-01-1.205989793e-01-1.277508438e-01-1.346439570e-01-1.412179172e-01
-1.474070847e-01-1.531417519e-01-1.583495438e-01-1.629569680e-01-1.668911725e-01
-1.700817943e-01-1.724627465e-01-1.739739925e-01-1.745631546e-01-1.741867959e-01
-1.728114486e-01-1.704141647e-01-1.669825464e-01-1.625144034e-01-1.570167839e-01
-1.505045742e-01-1.429986209e-01-1.345236003e-01-1.251054257e-01-1.147686169e-01
-1.035334244e-01-9.141284975e-02-7.840889689e-02-6.450504067e-02-4.964716360e-02
-3.375743699e-02-1.766041295e-02-1.346079312e-03 1.520441473e-02 3.202471879e-02
 4.916587478e-02 6.669981781e-02 8.472502980e-02 1.033752039e-01 1.228319779e-01
 1.433432996e-01 1.652486920e-01 1.890091003e-01 2.152275144e-01 2.433293462e-01
 3.004408631e-02 2.807492955e-02 2.221299338e-02 1.539700379e-02 8.429695881e-03
 1.285634949e-03-6.038945663e-03-1.354606169e-02-2.123962346e-02-2.912502365e-02
-3.720724207e-02-4.548706114e-02-5.395270884e-02-6.238189711e-02-7.079983501e-02
-7.921817898e-02-8.763803543e-02-9.605108202e-02-1.044400334e-01-1.127786785e-01
-1.210319698e-01-1.291560978e-01-1.370988190e-01-1.447998881e-01-1.521918029e-01
-1.592008322e-01-1.657483131e-01-1.717521846e-01-1.771288514e-01-1.817951798e-01
-1.856706887e-01-1.886796653e-01-1.907533556e-01-1.918319166e-01-1.918660253e-01
-1.908181906e-01-1.886634827e-01-1.853898019e-01-1.809974760e-01-1.754983514e-01
-1.689142138e-01-1.612747311e-01-1.526150554e-01-1.429728567e-01-1.323852986e-01
-1.208855211e-01-1.084990427e-01-9.523964676e-02-8.110468838e-02-6.607037038e-02
-5.009026453e-02-3.309274092e-02-1.593139207e-02 1.397530839e-03 1.892950574e-02
 3.671840957e-02 5.483572555e-02 7.337482279e-02 9.245828542e-02 1.122485772e-01
 1.329635382e-01 1.548997014e-01 1.784682125e-01 2.042464316e-01 2.318396718e-01
 3.016236983e-02 2.785236208e-02 2.255369539e-02 1.583078504e-02 8.694047108e-03
 1.290630433e-03-6.342014749e-03-1.419365963e-02-2.226521446e-02-3.056396918e-02
-3.910259905e-02-4.790105301e-02-5.673020333e-02-6.559345127e-02-7.449836284e-02
-8.344928177e-02-9.244410694e-02-1.014727429e-01-1.105162352e-01-1.195463017e-01
-1.285250187e-01-1.374047548e-01-1.461283118e-01-1.546294093e-01-1.628333479e-01
-1.706580669e-01-1.780156344e-01-1.848139167e-01-1.909586787e-01-1.963558942e-01
-2.009142637e-01-2.045478076e-01-2.071783245e-01-2.087378353e-01-2.091705203e-01
-2.084343731e-01-2.065021545e-01-2.033617944e-01-1.990161240e-01-1.934818030e-01
-1.867876947e-01-1.789726168e-01-1.700825244e-01-1.601672918e-01-1.492773444e-01
-1.374597698e-01-1.247546226e-01-1.111909374e-01-9.678302702e-02-8.152737466e-02
-6.540113685e-02-4.836395007e-02-3.036804494e-02-1.238387081e-02 5.674460888e-03
 2.386766489e-02 4.225316650e-02 6.089538703e-02 7.987135655e-02 9.927459800e-02
 1.192188114e-01 1.398428976e-01 1.613230258e-01 1.839251071e-01 2.076526583e-01
 3.223722802e-02 3.014590403e-02 2.403684703e-02 1.664524336e-02 9.100085095e-03
 1.353076557e-03-6.610263634e-03-1.479852761e-02-2.322106248e-02-3.188918531e-02
-4.081632569e-02-5.001767726e-02-5.925482883e-02-6.855237483e-02-7.792603225e-02
-8.738336712e-02-9.692351520e-02-1.065365523e-01-1.162028611e-01-1.258926392e-01
-1.355654746e-01-1.451702267e-01-1.546450406e-01-1.639177650e-01-1.729066521e-01
-1.815214306e-01-1.896648854e-01-1.972347796e-01-2.041260749e-01-2.102336884e-01
-2.154552639e-01-2.196941674e-01-2.228624821e-01-2.248837352e-01-2.256953269e-01
-2.252504379e-01-2.235193253e-01-2.204898447e-01-2.161672413e-01-2.105730623e-01
-2.037433833e-01-1.957262754e-01-1.865787804e-01-1.763633787e-01-1.651441306e-01
-1.529826522e-01-1.399339139e-01-1.260419190e-01-1.113350764e-01-9.582079202e-02
-7.947807014e-02-6.224491449e-02-4.399316388e-02-2.566407993e-02-7.296995755e-03
 1.109747590e-02 2.952620199e-02 4.800517112e-02 6.655264652e-02 8.518163860e-02
 1.038883924e-01 1.226313188e-01 1.412872970e-01 1.595563293e-01 1.768035293e-01
 3.375743702e-02 3.167081997e-02 2.511806597e-02 1.737350042e-02 9.489209362e-03
 1.425690920e-03-6.842970848e-03-1.533661130e-02-2.407200074e-02-3.306481243e-02
-4.233059288e-02-5.188506841e-02-6.149786711e-02-7.119785249e-02-8.100468665e-02
-9.092883021e-02-1.009712070e-01-1.111227199e-01-1.213636696e-01-1.316632330e-01
-1.419789940e-01-1.522567272e-01-1.624303460e-01-1.724222601e-01-1.821440756e-01
-1.914977581e-01-2.003772110e-01-2.086704224e-01-2.162619233e-01-2.230358124e-01
-2.288789302e-01-2.336841971e-01-2.373540849e-01-2.398037315e-01-2.409637868e-01
-2.407826483e-01-2.392280400e-01-2.362877131e-01-2.319692671e-01-2.262990475e-01
-2.193202525e-01-2.110901475e-01-2.016768157e-01-1.911552846e-01-1.796033979e-01
-1.670976281e-01-1.537088156e-01-1.394980103e-01-1.245125457e-01-1.087824628e-01
-9.231748430e-02-7.510539892e-02-5.711456759e-02-3.830813619e-02-1.960301583e-02
-1.040736184e-03 1.736444235e-02 3.560310973e-02 5.365880945e-02 7.149856532e-02
 8.906168485e-02 1.062447652e-01 1.228825301e-01 1.387303919e-01 1.534670293e-01
 3.436104210e-02 3.219012915e-02 2.574107422e-02 1.782981121e-02 9.736101129e-03
 1.445206712e-03-7.062504534e-03-1.580575667e-02-2.480222098e-02-3.406892343e-02
-4.362273960e-02-5.348073693e-02-6.342073531e-02-7.347383350e-02-8.366198838e-02
-9.399762004e-02-1.044830978e-01-1.151101366e-01-1.258591562e-01-1.366985738e-01
-1.475843638e-01-1.584596634e-01-1.692547053e-01-1.798870861e-01-1.902624667e-01
-2.002757490e-01-2.098127902e-01-2.187525928e-01-2.269701362e-01-2.343395054e-01
-2.407375127e-01-2.460474074e-01-2.501627207e-01-2.529907226e-01-2.544558346e-01
-2.545019388e-01-2.530944645e-01-2.502210438e-01-2.458915412e-01-2.401368618e-01
-2.330069095e-01-2.245676219e-01-2.148974687e-01-2.040832638e-01-1.922158748e-01
-1.793857515e-01-1.656785905e-01-1.511712819e-01-1.359283328e-01-1.199989840e-01
-1.034151762e-01-8.619130406e-02-6.832642856e-02-4.981065917e-02-3.063671477e-02
-1.187451280e-02 6.520024006e-03 2.455315556e-02 4.220551255e-02 5.943503600e-02
 7.617527997e-02 9.233193097e-02 1.077801586e-01 1.223664060e-01 1.359183788e-01
 3.492172063e-02 3.270275891e-02 2.611969224e-02 1.809535733e-02 9.868803449e-03
 1.423864378e-03-7.256514378e-03-1.618900524e-02-2.538991346e-02-3.487558292e-02
-4.466282948e-02-5.476929247e-02-6.497901677e-02-7.532451302e-02-8.582919836e-02
-9.650684893e-02-1.073608994e-01-1.183837280e-01-1.295558363e-01-1.408451349e-01
-1.522062719e-01-1.635802388e-01-1.748942286e-01-1.860617996e-01-1.969836056e-01
-2.075485289e-01-2.176355719e-01-2.271160632e-01-2.358567267e-01-2.437230945e-01
-2.505833208e-01-2.563123405e-01-2.607958615e-01-2.639345229e-01-2.656472624e-01
-2.658742070e-01-2.645788193e-01-2.617487311e-01-2.573958933e-01-2.515552640e-01
-2.442826927e-01-2.356517464e-01-2.257499695e-01-2.146744579e-01-2.025272846e-01
-1.894107908e-01-1.754230410e-01-1.606535613e-01-1.451794356e-01-1.290619373e-01
-1.123432070e-01-9.504334629e-02-7.715666291e-02-5.864624309e-02-3.943423557e-02
-2.065630256e-02-2.322019092e-03 1.554587300e-02 3.291384874e-02 4.973660782e-02
 6.595551962e-02 8.149780330e-02 9.627748281e-02 1.101988778e-01 1.231633649e-01
 3.532223403e-02 3.306536004e-02 2.632398717e-02 1.824295893e-02 9.947723724e-03
 1.410860925e-03-7.384379387e-03-1.645144635e-02-2.580327169e-02-3.545376285e-02
-4.541843385e-02-5.571463332e-02-6.613050402e-02-7.669939846e-02-8.744568378e-02
-9.838406742e-02-1.095187739e-01-1.208426580e-01-1.323363185e-01-1.439672559e-01
-1.556891501e-01-1.674413830e-01-1.791487634e-01-1.907217651e-01-2.020571530e-01
-2.130392044e-01-2.235415279e-01-2.334295660e-01-2.425636203e-01-2.508025467e-01
-2.580078244e-01-2.640479207e-01-2.688025832e-01-2.721672952e-01-2.740568519e-01
-2.744086087e-01-2.731845975e-01-2.703726590e-01-2.659865022e-01-2.600644529e-01
-2.526671588e-01-2.438742667e-01-2.337805182e-01-2.224911153e-01-2.101168484e-01
-1.967692822e-01-1.825559437e-01-1.675759256e-01-1.519158333e-01-1.356459707e-01
-1.188166663e-01-1.014541611e-01-8.355489375e-02-6.507577002e-02-4.591539502e-02
-2.711667305e-02-8.791227840e-03 9.000504360e-03 2.621432951e-02 4.280748217e-02
 5.873259901e-02 7.393597069e-02 8.835839483e-02 1.019378453e-01 1.146137268e-01
 3.522589056e-02 3.287421167e-02 2.634656615e-02 1.834014616e-02 1.005721650e-02
 1.480430845e-03-7.388643920e-03-1.654992998e-02-2.600868418e-02-3.577490523e-02
-4.586237669e-02-5.628801882e-02-6.684248149e-02-7.755978406e-02-8.846504986e-02
-9.957370907e-02-1.108905450e-01-1.224087700e-01-1.341090650e-01-1.459586769e-01
-1.579106301e-01-1.699032038e-01-1.818596572e-01-1.936883927e-01-2.052836120e-01
-2.165265232e-01-2.272872477e-01-2.374273538e-01-2.468029857e-01-2.552687228e-01
-2.626817226e-01-2.689063548e-01-2.738186718e-01-2.773109376e-01-2.792954743e-01
-2.797080278e-01-2.785099745e-01-2.756896019e-01-2.712619901e-01-2.652678788e-01
-2.577712536e-01-2.488559633e-01-2.386215329e-01-2.271785289e-01-2.146434933e-01
-2.011340261e-01-1.867639423e-01-1.716388613e-01-1.558524072e-01-1.394827813e-01
-1.225903556e-01-1.052158549e-01-8.738028257e-02-6.908780333e-02-5.033641681e-02
-3.114842997e-02-1.264742578e-02 5.193898018e-03 2.237385881e-02 3.887391093e-02
 5.466430263e-02 6.970755008e-02 8.396147939e-02 9.738241881e-02 1.099286675e-01
 3.504993394e-02 3.245569392e-02 2.643627860e-02 1.868055759e-02 1.038155798e-02
 1.734985857e-03-7.213694978e-03-1.645364240e-02-2.598769590e-02-3.582585976e-02
-4.598267749e-02-5.647605285e-02-6.709837914e-02-7.788465172e-02-8.886079490e-02
-1.000428423e-01-1.114360094e-01-1.230337545e-01-1.348168105e-01-1.467522681e-01
-1.587928384e-01-1.708762497e-01-1.829250008e-01-1.948465705e-01-2.065339684e-01
-2.178671361e-01-2.287146896e-01-2.389366328e-01-2.483874858e-01-2.569201886e-01
-2.643903195e-01-2.706608176e-01-2.756065429e-01-2.791188061e-01-2.811093331e-01
-2.815136612e-01-2.802933156e-01-2.774372101e-01-2.729614079e-01-2.669079602e-01
-2.593425810e-01-2.503509521e-01-2.400347590e-01-2.285067141e-01-2.158856988e-01
-2.022915929e-01-1.878405511e-01-1.726406366e-01-1.567880064e-01-1.403637677e-01
-1.234317049e-01-1.060365662e-01-8.820319922e-02-6.993561984e-02-5.121392755e-02
-3.198131174e-02-1.343752537e-02 4.425059509e-03 2.160352468e-02 3.808312489e-02
 5.383907630e-02 6.883917752e-02 8.304675666e-02 9.642381218e-02 1.089342758e-01
 3.721182422e-02 3.507041559e-02 2.807994188e-02 1.960350201e-02 1.099197660e-02
 2.174617963e-03-6.877985321e-03-1.618384942e-02-2.575940825e-02-3.562206031e-02
-4.579077288e-02-5.628622324e-02-6.690193713e-02-7.767416537e-02-8.862960338e-02
-9.978470951e-02-1.111449301e-01-1.227037758e-01-1.344419569e-01-1.463264972e-01
-1.583100557e-01-1.703303456e-01-1.823099553e-01-1.941564977e-01-2.057633548e-01
-2.170108705e-01-2.277683616e-01-2.378966212e-01-2.472511381e-01-2.556859851e-01
-2.630580962e-01-2.692316771e-01-2.740830482e-01-2.775048911e-01-2.794103324e-01
-2.797360718e-01-2.784446776e-01-2.755258381e-01-2.709961236e-01-2.648977935e-01
-2.572963834e-01-2.482771725e-01-2.379409969e-01-2.263994813e-01-2.137700766e-01
-2.001710087e-01-1.857164651e-01-1.705123186e-01-1.546521783e-01-1.382143348e-01
-1.212592870e-01-1.038282812e-01-8.594314755e-02-6.760894506e-02-4.882351682e-02
-2.960645405e-02-1.108324990e-02 6.775949121e-03 2.397117205e-02 4.048479347e-02
 5.628737432e-02 7.134132087e-02 8.560407904e-02 9.903144093e-02 1.115811393e-01
 3.801751135e-02 3.595853226e-02 2.892553248e-02 2.027453483e-02 1.150967086e-02
 2.594280762e-03-6.507222082e-03-1.582443155e-02-2.538319863e-02-3.520751000e-02
-4.532065242e-02-5.574595555e-02-6.627645344e-02-7.694923133e-02-8.779128641e-02
-9.881906957e-02-1.100377813e-01-1.214406937e-01-1.330083162e-01-1.447076053e-01
-1.564914137e-01-1.682979315e-01-1.800505818e-01-1.916582585e-01-2.030160874e-01
-2.140066176e-01-2.245018632e-01-2.343657314e-01-2.434572876e-01-2.516344190e-01
-2.587580084e-01-2.646964193e-01-2.693298758e-01-2.725547254e-01-2.742872238e-01
-2.744666637e-01-2.730574310e-01-2.700501085e-01-2.654612959e-01-2.593323290e-01
-2.517267764e-01-2.427271604e-01-2.324307114e-01-2.209447473e-01-2.083817422e-01
-1.948544085e-01-1.804709285e-01-1.653305590e-01-1.495196372e-01-1.331080496e-01
-1.161459982e-01-9.866061060e-02-8.065129073e-02-6.208072229e-02-4.285280778e-02
-2.400734090e-02-5.646795500e-03 1.217447220e-02 2.941545658e-02 4.603458571e-02
 6.198444215e-02 7.721053810e-02 9.165243802e-02 1.052467302e-01 1.179313436e-01
 3.837442398e-02 3.639560939e-02 2.910025044e-02 2.044675127e-02 1.169595683e-02
 2.813194871e-03-6.232169006e-03-1.547031105e-02-2.492967620e-02-3.463686258e-02
-4.461700096e-02-5.489432439e-02-6.525872648e-02-7.574690878e-02-8.638519049e-02
-9.718913586e-02-1.081631035e-01-1.192996204e-01-1.305786967e-01-1.419672072e-01
-1.534183323e-01-1.648711711e-01-1.762507260e-01-1.874682010e-01-1.984217465e-01
-2.089977413e-01-2.190727443e-01-2.285159678e-01-2.371922582e-01-2.449657768e-01
-2.517038882e-01-2.572813928e-01-2.615846991e-01-2.645157278e-01-2.659955621e-01
-2.659671605e-01-2.643974125e-01-2.612778843e-01-2.566246987e-01-2.504771054e-01
-2.428952902e-01-2.339568138e-01-2.237528264e-01-2.123834789e-01-1.999532133e-01
-1.865659356e-01-1.723204255e-01-1.573059708e-01-1.415984333e-01-1.252567619e-01
-1.083201468e-01-9.080635757e-02-7.271269710e-02-5.402466284e-02-3.474600241e-02
-1.593675650e-02 2.423579310e-03 2.032117546e-02 3.772388400e-02 5.458513644e-02
 7.084409894e-02 8.642537148e-02 1.012401581e-01 1.151898652e-01 1.281729787e-01
 3.755217790e-02 3.558573501e-02 2.862718142e-02 2.008998394e-02 1.147310810e-02
 2.745190395e-03-6.129609879e-03-1.518485601e-02-2.445071934e-02-3.395421431e-02
-4.371992498e-02-5.377076194e-02-6.389039755e-02-7.411346585e-02-8.446421474e-02
-9.495627135e-02-1.055923030e-01-1.163635254e-01-1.272491217e-01-1.382157654e-01
-1.492171139e-01-1.601935923e-01-1.710724235e-01-1.817679852e-01-1.921826302e-01
-2.022079527e-01-2.117267102e-01-2.206151038e-01-2.287458181e-01-2.359912097e-01
-2.422271520e-01-2.473368198e-01-2.512145340e-01-2.537694275e-01-2.549285889e-01
-2.546395957e-01-2.528721691e-01-2.496189177e-01-2.448950112e-01-2.387368083e-01
-2.311995625e-01-2.223543376e-01-2.122840881e-01-2.010795027e-01-1.888344437e-01
-1.756414175e-01-1.615870148e-01-1.467477828e-01-1.311860383e-01-1.149458662e-01
-9.804864973e-02-8.048690855e-02-6.221345812e-02-4.311823846e-02-2.419563382e-02
-5.525073037e-03 1.285479405e-02 3.091301394e-02 4.861225188e-02 6.590068337e-02
 8.270553498e-02 9.892742339e-02 1.144367308e-01 1.290749460e-01 1.426647007e-01
 3.619207443e-02 3.424399720e-02 2.742523327e-02 1.911970041e-02 1.078391262e-02
 2.353255622e-03-6.224233643e-03-1.498675159e-02-2.396359108e-02-3.317872807e-02
-4.265299440e-02-5.240532756e-02-6.220989675e-02-7.209739089e-02-8.208845556e-02
-9.219363332e-02-1.024130583e-01-1.127360463e-01-1.231406778e-01-1.335933060e-01
-1.440482587e-01-1.544476301e-01-1.647214592e-01-1.747880578e-01-1.845549644e-01
-1.939201058e-01-2.027736754e-01-2.110003681e-01-2.184820026e-01-2.251007557e-01
-2.307423949e-01-2.352998703e-01-2.386766970e-01-2.407902181e-01-2.415743917e-01
-2.409818918e-01-2.389855832e-01-2.355789989e-01-2.307759375e-01-2.246091217e-01
-2.171279639e-01-2.083955854e-01-1.984853298e-01-1.874766648e-01-1.754510403e-01
-1.624875516e-01-1.486587822e-01-1.340268701e-01-1.186399534e-01-1.025290936e-01
-8.570609986e-02-6.816280634e-02-4.987407104e-02-3.080973589e-02-1.198208890e-02
 6.663570173e-03 2.514748277e-02 4.347138853e-02 6.162118541e-02 7.956282793e-02
 9.723301232e-02 1.145245209e-01 1.312668771e-01 1.472085416e-01 1.620195210e-01
 3.389976173e-02 3.189296649e-02 2.516361512e-02 1.741592959e-02 9.627975523e-03
 1.681062153e-03-6.465777304e-03-1.483422053e-02-2.343993075e-02-3.229647129e-02
-4.141667114e-02-5.081298574e-02-6.024722755e-02-6.974438577e-02-7.932008058e-02
-8.898063749e-02-9.872292727e-02-1.085339785e-01-1.183905602e-01-1.282587945e-01
-1.380938739e-01-1.478399933e-01-1.574304849e-01-1.667882651e-01-1.758267880e-01
-1.844512075e-01-1.925600470e-01-2.000473887e-01-2.068052441e-01-2.127264589e-01
-2.177076340e-01-2.216522693e-01-2.244737744e-01-2.260982543e-01-2.264668643e-01
-2.255376280e-01-2.232865840e-01-2.197079957e-01-2.148139924e-01-2.086330801e-01
-2.012081444e-01-1.925936044e-01-1.828521341e-01-1.720508635e-01-1.602574885e-01
-1.475361586e-01-1.339434683e-01-1.195245907e-01-1.043096706e-01-8.831059187e-02
-7.151801885e-02-5.389853940e-02-3.539169951e-02-1.687194778e-02 1.646800898e-03
 2.017639949e-02 3.873761369e-02 5.735371262e-02 7.604622094e-02 9.482913464e-02
 1.136983111e-01 1.326104403e-01 1.514386982e-01 1.698749810e-01 1.872682125e-01
 2.955122854e-02 2.704888399e-02 2.186080812e-02 1.533292051e-02 8.316606283e-03
 9.583983410e-04-6.692260024e-03-1.461616995e-02-2.280653640e-02-3.126306833e-02
-3.998962419e-02-4.899287595e-02-5.802247302e-02-6.709552556e-02-7.622077316e-02
-8.539933711e-02-9.462441504e-02-1.038806737e-01-1.131437570e-01-1.223798394e-01
-1.315453649e-01-1.405870169e-01-1.494419277e-01-1.580382139e-01-1.662957519e-01
-1.741274297e-01-1.814407259e-01-1.881396026e-01-1.941267400e-01-1.993060411e-01
-2.035852820e-01-2.068787664e-01-2.091099471e-01-2.102137208e-01-2.101384848e-01
-2.088474780e-01-2.063197046e-01-2.025499791e-01-1.975484192e-01-1.913390458e-01
-1.839578598e-01-1.754501611e-01-1.658675521e-01-1.552643627e-01-1.436939985e-01
-1.312049031e-01-1.178364903e-01-1.036151424e-01-8.855018019e-02-7.263035327e-02
-5.582008883e-02-3.805506974e-02-2.016765623e-02-2.152363784e-03 1.600593329e-02
 3.433627638e-02 5.288210885e-02 7.170184703e-02 9.087023136e-02 1.104805395e-01
 1.306475252e-01 1.515123695e-01 1.732547880e-01 1.961469353e-01 2.201922536e-01
 2.761472575e-02 2.519199996e-02 2.013611235e-02 1.396531053e-02 7.412522566e-03
 5.138962442e-04-6.698171172e-03-1.420054954e-02-2.197870239e-02-3.002509662e-02
-3.833879532e-02-4.692737385e-02-5.554668232e-02-6.418927760e-02-7.285315543e-02
-8.153412492e-02-9.022250026e-02-9.890147299e-02-1.075462922e-01-1.161238253e-01
-1.245923340e-01-1.329015195e-01-1.409927905e-01-1.487997621e-01-1.562491953e-01
-1.632619798e-01-1.697547287e-01-1.756414026e-01-1.808353960e-01-1.852516085e-01
-1.888088137e-01-1.914318800e-01-1.930539906e-01-1.936185211e-01-1.930806786e-01
-1.914085895e-01-1.885838508e-01-1.846015453e-01-1.794695407e-01-1.732072085e-01
-1.658435613e-01-1.574147940e-01-1.479615569e-01-1.375256479e-01-1.261465698e-01
-1.138576344e-01-1.006816775e-01-8.662603796e-02-7.167731226e-02-5.579906330e-02
-3.892838955e-02-2.187415026e-02-4.627956994e-03 1.282771862e-02 3.052242102e-02
 4.850126803e-02 6.682889906e-02 8.559458701e-02 1.049194187e-01 1.249667257e-01
 1.459576488e-01 1.681947857e-01 1.920989156e-01 2.182616591e-01 2.462788820e-01
 2.655494025e-02 2.422647549e-02 1.925639625e-02 1.331367904e-02 7.051636450e-03
 4.811467370e-04-6.380793158e-03-1.351750366e-02-2.091419137e-02-2.855803442e-02
-3.643682971e-02-4.453546553e-02-5.282753705e-02-6.107435749e-02-6.928995253e-02
-7.747607678e-02-8.562508971e-02-9.372106939e-02-1.017402187e-01-1.096509397e-01
-1.174139231e-01-1.249823645e-01-1.323022992e-01-1.393131912e-01-1.459487230e-01
-1.521378756e-01-1.578062922e-01-1.628777385e-01-1.672759056e-01-1.709262878e-01
-1.737580448e-01-1.757060140e-01-1.767124087e-01-1.767283827e-01-1.757153273e-01
-1.736456006e-01-1.705029756e-01-1.662823558e-01-1.609891653e-01-1.546379924e-01
-1.472509056e-01-1.388552040e-01-1.294808984e-01-1.191579029e-01-1.079130471e-01
-9.576698393e-02-8.273024857e-02-6.879584491e-02-5.392069742e-02-3.803895414e-02
-2.194318549e-02-5.628257051e-03 1.091698652e-02 2.771259473e-02 4.479081556e-02
 6.220003216e-02 8.000966908e-02 9.831675145e-02 1.172550916e-01 1.370084137e-01
 1.578291953e-01 1.800644994e-01 2.041866333e-01 2.308142633e-01 2.593598664e-01
 2.590098606e-02 2.366532761e-02 1.894001475e-02 1.318886223e-02 7.147215307e-03
 8.284831401e-04-5.753857564e-03-1.258517987e-02-1.965135711e-02-2.693975157e-02
-3.443965314e-02-4.214251040e-02-5.004267019e-02-5.787210539e-02-6.563522665e-02
-7.332877815e-02-8.094277979e-02-8.846066892e-02-9.585923702e-02-1.031085476e-01
-1.101720408e-01-1.170066893e-01-1.235633567e-01-1.297874302e-01-1.356195062e-01
-1.409964561e-01-1.458525807e-01-1.501209289e-01-1.537349075e-01-1.566297412e-01
-1.587441861e-01-1.600220502e-01-1.604136080e-01-1.598768830e-01-1.583784968e-01
-1.558943391e-01-1.524096280e-01-1.479186863e-01-1.424241662e-01-1.359357834e-01
-1.284686625e-01-1.200412363e-01-1.106728166e-01-1.003810465e-01-8.917979896e-02
-7.707859576e-02-6.408917904e-02-5.024149268e-02-3.539981693e-02-2.032811382e-02
-5.022807527e-03 1.051678789e-02 2.629490194e-02 4.232313484e-02 5.862352997e-02
 7.523172349e-02 9.220068160e-02 1.096054986e-01 1.275499612e-01 1.461759358e-01
 1.656781435e-01 1.863295883e-01 2.085339427e-01 2.329479903e-01 2.584777176e-01
 2.581112461e-02 2.371285108e-02 1.908680426e-02 1.348478344e-02 7.612912013e-03
 1.485617366e-03-4.878795211e-03-1.146187074e-02-1.824708280e-02-2.522099575e-02
-3.237409517e-02-3.970215470e-02-4.720950124e-02-5.463614315e-02-6.196408720e-02
-6.918171047e-02-7.627624273e-02-8.323087542e-02-9.002360701e-02-9.662674368e-02
-1.030068993e-01-1.091251373e-01-1.149373204e-01-1.203946993e-01-1.254446059e-01
-1.300314069e-01-1.340975165e-01-1.375845671e-01-1.404347420e-01-1.425920725e-01
-1.440037489e-01-1.446214169e-01-1.444022357e-01-1.433099061e-01-1.413152367e-01
-1.383966356e-01-1.345400363e-01-1.297385395e-01-1.239917129e-01-1.173043028e-01
-1.096846312e-01-1.011424288e-01-9.168602526e-02-8.131813258e-02-7.003065944e-02
-5.778743327e-02-4.453294725e-02-3.096955454e-02-1.702415200e-02-2.771933549e-03
 1.174408941e-02 2.649743858e-02 4.147221896e-02 5.666124822e-02 7.206593455e-02
 8.769696207e-02 1.035752892e-01 1.197330877e-01 1.362143308e-01 1.530743837e-01
 1.703771204e-01 1.881863773e-01 2.065390348e-01 2.253282070e-01 2.434930056e-01
 2.612853983e-02 2.418543957e-02 1.965601367e-02 1.415990011e-02 8.389390074e-03
 2.376723583e-03-3.842979873e-03-1.024070197e-02-1.679444872e-02-2.348795532e-02
-3.030885197e-02-3.724634647e-02-4.428726435e-02-5.140717325e-02-5.834987390e-02
-6.512278317e-02-7.172131538e-02-7.813316584e-02-8.433979750e-02-9.031700344e-02
-9.603522717e-02-1.014599353e-01-1.065520719e-01-1.112686321e-01-1.155633256e-01
-1.193874776e-01-1.226909012e-01-1.254229248e-01-1.275335252e-01-1.289743185e-01
-1.296997219e-01-1.296678632e-01-1.288414746e-01-1.271885931e-01-1.246829405e-01
-1.213042513e-01-1.170381233e-01-1.118756905e-01-1.058128551e-01-9.884931892e-02
-9.098725766e-02-8.222962171e-02-7.257948071e-02-6.203313171e-02-5.060995742e-02
-3.818417340e-02-2.545792981e-02-1.242943200e-02 8.944456713e-04 1.448530800e-02
 2.831014246e-02 4.233701897e-02 5.653700233e-02 7.088483870e-02 8.535917851e-02
 9.994249047e-02 1.146203503e-01 1.293796897e-01 1.442052572e-01 1.590727717e-01
 1.739363522e-01 1.887058616e-01 2.032070310e-01 2.171179503e-01 2.299000173e-01
 2.685525638e-02 2.508565599e-02 2.074445222e-02 1.525492404e-02 9.431954444e-03
 3.396800734e-03-2.782658470e-03-9.070319124e-03-1.544604728e-02-2.189818771e-02
-2.841997336e-02-3.500797226e-02-4.166239502e-02-4.839091747e-02-5.493056774e-02
-6.126347187e-02-6.737840922e-02-7.326305656e-02-7.890124618e-02-8.427210897e-02
-8.935000002e-02-9.410481901e-02-9.850240497e-02-1.025051624e-01-1.060727015e-01
-1.091626063e-01-1.117312536e-01-1.137346849e-01-1.151294932e-01-1.158736944e-01
-1.159275621e-01-1.152543500e-01-1.138208732e-01-1.115979850e-01-1.085608304e-01
-1.046889722e-01-9.996626526e-02-9.438046813e-02-8.792261779e-02-8.058592676e-02
-7.236554473e-02-6.325209886e-02-5.325880647e-02-4.226047172e-02-3.088683448e-02
-1.906460150e-02-6.866437863e-03 5.657891757e-03 1.846641301e-02 3.151707351e-02
 4.476660487e-02 5.817091835e-02 7.168567181e-02 8.526666462e-02 9.887005392e-02
 1.124520898e-01 1.259682774e-01 1.393713802e-01 1.526080072e-01 1.656127573e-01
 1.782997548e-01 1.905512214e-01 2.022049576e-01 2.130470574e-01 2.228217869e-01
 2.938488682e-02 2.842306161e-02 2.320885101e-02 1.682961549e-02 1.055266152e-02
 4.296408937e-03-1.946819801e-03-8.180215053e-03-1.440719698e-02-2.063158710e-02
-2.685706319e-02-3.308629993e-02-3.931947424e-02-4.555097219e-02-5.176112059e-02
-5.768423158e-02-6.333141027e-02-6.870136411e-02-7.378441837e-02-7.856447253e-02
-8.302017302e-02-8.712574093e-02-9.085159005e-02-9.416501970e-02-9.703087807e-02
-9.941219537e-02-1.012709811e-01-1.025688946e-01-1.032679975e-01-1.033314094e-01
-1.027239487e-01-1.014125869e-01-9.936676919e-02-9.655856341e-02-9.296268969e-02
-8.855663239e-02-8.332059533e-02-7.723699511e-02-7.029062510e-02-6.246286632e-02
-5.375745147e-02-4.404881968e-02-3.391909973e-02-2.328858899e-02-1.221207526e-02
-7.240431296e-04 1.113124100e-02 2.330680939e-02 3.575376052e-02 4.842044039e-02
 6.125192717e-02 7.418994606e-02 8.717317137e-02 1.001376734e-01 1.130175515e-01
 1.257455051e-01 1.382530928e-01 1.504704207e-01 1.623250992e-01 1.737400443e-01
 1.846304536e-01 1.949007511e-01 2.044426649e-01 2.131371797e-01 2.208622546e-01
 3.068244451e-02 3.018874864e-02 2.469097823e-02 1.768042521e-02 1.099744070e-02
 4.546646975e-03-1.734086894e-03-7.884990395e-03-1.393438227e-02-1.990379018e-02
-2.581033669e-02-3.166790679e-02-3.748785704e-02-4.327975215e-02-4.905280474e-02
-5.451565984e-02-5.967264251e-02-6.452035157e-02-6.904953717e-02-7.324596492e-02
-7.709100842e-02-8.056221156e-02-8.363377304e-02-8.627711983e-02-8.846148105e-02
-9.015445412e-02-9.132263065e-02-9.193216263e-02-9.194935113e-02-9.134119749e-02
-9.007582069e-02-8.812277020e-02-8.545293660e-02-8.203813433e-02-7.785017044e-02
-7.286163419e-02-6.704712658e-02-6.037826090e-02-5.284837633e-02-4.432936384e-02
-3.536042570e-02-2.585616523e-02-1.585726814e-02-5.385162760e-03 5.529213260e-03
 1.685054785e-02 2.853774653e-02 4.054395112e-02 5.281627923e-02 6.529533862e-02
 7.791476695e-02 9.060110891e-02 1.032741442e-01 1.158478706e-01 1.282320917e-01
 1.403345764e-01 1.520635634e-01 1.633302719e-01 1.740509123e-01 1.841480583e-01
 1.935509592e-01 2.021954804e-01 2.100238055e-01 2.169851362e-01 2.230377198e-01
 2.955964586e-02 2.918955122e-02 2.378257364e-02 1.673613489e-02 1.002252474e-02
 3.609467734e-03-2.549854107e-03-8.498871728e-03-1.427538975e-02-1.991138604e-02
-2.543362604e-02-3.086465597e-02-3.622427207e-02-4.153194278e-02-4.681148753e-02
-5.178675802e-02-5.643875150e-02-6.075648588e-02-6.472922860e-02-6.834373623e-02
-7.158348711e-02-7.442872973e-02-7.685676959e-02-7.884241642e-02-8.035846053e-02
-8.137610558e-02-8.186545967e-02-8.179597555e-02-8.113688230e-02-7.985762506e-02
-7.792848349e-02-7.532101126e-02-7.200775295e-02-6.796143205e-02-6.314529477e-02
-5.751918255e-02-5.106504634e-02-4.365117101e-02-3.577766192e-02-2.735340780e-02
-1.840585101e-02-8.943627574e-03 1.016442417e-03 1.145403272e-02 2.234364304e-02
 3.365398942e-02 4.534699768e-02 5.737671632e-02 6.968804449e-02 8.221538362e-02
 9.488140052e-02 1.075961738e-01 1.202571616e-01 1.327504218e-01 1.449534297e-01
 1.567397415e-01 1.679850370e-01 1.785741299e-01 1.884074807e-01 1.974064708e-01
 2.055162787e-01 2.127063572e-01 2.189684809e-01 2.243131995e-01 2.287656665e-01
 2.662967888e-02 2.636719312e-02 2.078847209e-02 1.385246217e-02 7.332760346e-03
 1.175336398e-03-4.669166185e-03-1.025071369e-02-1.561480481e-02-2.080035020e-02
-2.583932506e-02-3.075718319e-02-3.557325156e-02-4.030029100e-02-4.494174200e-02
-4.948324707e-02-5.364091694e-02-5.742562933e-02-6.083640456e-02-6.386493889e-02
-6.649789959e-02-6.871819495e-02-7.050576060e-02-7.183814050e-02-7.269088182e-02
-7.303792235e-02-7.285182923e-02-7.210408899e-02-7.076524946e-02-6.880473348e-02
-6.619250031e-02-6.290167567e-02-5.890745671e-02-5.421463402e-02-4.875247183e-02
-4.237370190e-02-3.554096074e-02-2.815902604e-02-2.024514414e-02-1.179790500e-02
-2.822277602e-03 6.675054799e-03 1.668426767e-02 2.719188856e-02 3.817982970e-02
 4.962416363e-02 6.149353829e-02 7.374720281e-02 8.633251485e-02 9.918209905e-02
 1.122107059e-01 1.253122539e-01 1.383577138e-01 1.511951089e-01 1.636528074e-01
 1.755474508e-01 1.866965592e-01 1.969341188e-01 2.061261833e-01 2.141831070e-01
 2.210659683e-01 2.267866134e-01 2.314011455e-01 2.349982411e-01 2.376847565e-01
 2.106975022e-02 2.069737020e-02 1.546305412e-02 8.831823230e-03 2.722415593e-03
-2.942702020e-03-8.246860467e-03-1.326206884e-02-1.804610342e-02-2.264370394e-02
-2.708895320e-02-3.140766922e-02-3.561943772e-02-3.973925856e-02-4.377913101e-02
-4.775022340e-02-5.134145917e-02-5.455230175e-02-5.737621707e-02-5.980264765e-02
-6.181788442e-02-6.340556590e-02-6.454704705e-02-6.522166729e-02-6.540706007e-02
-6.507923457e-02-6.421226265e-02-6.277903169e-02-6.075119600e-02-5.809143929e-02
-5.475868656e-02-5.072947222e-02-4.588244110e-02-4.062250629e-02-3.483983131e-02
-2.848535214e-02-2.159060353e-02-1.415735019e-02-6.187116247e-03 2.320838656e-03
 1.136730425e-02 2.095245008e-02 3.107505663e-02 4.173172638e-02 5.291582644e-02
 6.461607662e-02 7.681456956e-02 8.948408806e-02 1.025843769e-01 1.160572321e-01
 1.298202574e-01 1.437592357e-01 1.577200144e-01 1.715017855e-01 1.848556548e-01
 1.974944770e-01 2.091179788e-01 2.194504142e-01 2.282789647e-01 2.354810089e-01
 2.410362512e-01 2.450251431e-01 2.476142496e-01 2.490274757e-01 2.495071888e-01
 1.284138301e-02 1.224449091e-02 7.278666817e-03 1.269681452e-03-4.035273130e-03
-8.845128134e-03-1.330845806e-02-1.751992664e-02-2.153990790e-02-2.540772966e-02
-2.914967948e-02-3.278394417e-02-3.632394597e-02-3.978110480e-02-4.316802695e-02
-4.650380459e-02-4.949250442e-02-5.210430917e-02-5.432110655e-02-5.612787978e-02
-5.750953034e-02-5.844981220e-02-5.893100424e-02-5.893358591e-02-5.843703446e-02
-5.742034686e-02-5.585615712e-02-5.371792990e-02-5.100468922e-02-4.765168577e-02
-4.352935402e-02-3.902174534e-02-3.403807430e-02-2.857894267e-02-2.262473477e-02
-1.615827347e-02-9.172389284e-03-1.660360504e-03 6.384879380e-03 1.497132052e-02
 2.410784179e-02 3.380405529e-02 4.407003519e-02 5.491590500e-02 6.635119015e-02
 7.838376606e-02 9.101819995e-02 1.042531207e-01 1.180772260e-01 1.324629932e-01
 1.473573745e-01 1.626678407e-01 1.782425045e-01 1.938431710e-01 2.091156543e-01
 2.235759496e-01 2.366535068e-01 2.478088737e-01 2.566540242e-01 2.630003394e-01
 2.668565215e-01 2.684231697e-01 2.680854797e-01 2.663615049e-01 2.637802660e-01
 4.241858551e-04-9.267520945e-04-5.085474360e-03-9.282588057e-03-1.292981769e-02
-1.634369788e-02-1.962162738e-02-2.280334014e-02-2.590611202e-02-2.893686850e-02
-3.189733252e-02-3.478653732e-02-3.760210799e-02-4.034069928e-02-4.299726337e-02
-4.556188732e-02-4.801055786e-02-5.003379284e-02-5.163377525e-02-5.280337486e-02
-5.353042109e-02-5.380044876e-02-5.359803137e-02-5.290188639e-02-5.169139430e-02
-4.996858165e-02-4.767826946e-02-4.470643027e-02-4.139339554e-02-3.764433788e-02
-3.341573846e-02-2.873092888e-02-2.358612418e-02-1.797515339e-02-1.188781390e-02
-5.312362686e-03 1.762925604e-03 9.350441382e-03 1.746382751e-02 2.611847408e-02
 3.533189745e-02 4.512406510e-02 5.551772198e-02 6.653864688e-02 7.821590450e-02
 9.058187902e-02 1.036720648e-01 1.175241321e-01 1.321758926e-01 1.476611644e-01
 1.640019715e-01 1.811943948e-01 1.991830618e-01 2.178132088e-01 2.367325425e-01
 2.551770509e-01 2.717449368e-01 2.850437463e-01 2.944456936e-01 2.997921109e-01
 3.011450471e-01 2.987908424e-01 2.934306265e-01 2.864421307e-01 2.792764903e-01
-1.664795542e-02-2.008892968e-02-2.080130021e-02-2.144784856e-02-2.282931653e-02
-2.458582072e-02-2.655299567e-02-2.864153309e-02-3.079476018e-02-3.297255935e-02
-3.514441845e-02-3.728614750e-02-3.937824072e-02-4.140517114e-02-4.335533830e-02
-4.522176084e-02-4.700420797e-02-4.836805908e-02-4.930567372e-02-4.980287331e-02
-4.984071477e-02-4.940205814e-02-4.849069567e-02-4.706014690e-02-4.501184075e-02
-4.265206307e-02-3.989826512e-02-3.671276194e-02-3.311584519e-02-2.910141271e-02
-2.466059659e-02-1.978999001e-02-1.448435895e-02-8.736337521e-03-2.536184824e-03
 4.127997439e-03 1.127009185e-02 1.890613697e-02 2.705468048e-02 3.573725003e-02
 4.497892782e-02 5.480904126e-02 6.526204949e-02 7.637862855e-02 8.820702130e-02
 1.008048206e-01 1.142410040e-01 1.285984963e-01 1.439769566e-01 1.604955346e-01
 1.782948971e-01 1.975371837e-01 2.184025049e-01 2.410832495e-01 2.657929659e-01
 2.928986250e-01 3.171588183e-01 3.336787819e-01 3.436783851e-01 3.477926255e-01
 3.454733193e-01 3.372150063e-01 3.222009541e-01 3.052419425e-01 2.923491298e-01
-2.831871438e-02-3.239246456e-02-3.237517175e-02-3.171543774e-02-3.177300838e-02
-3.234967962e-02-3.328724952e-02-3.446791691e-02-3.580392526e-02-3.722831981e-02
-3.868862243e-02-4.014277089e-02-4.155667125e-02-4.290297626e-02-4.416125271e-02
-4.532037300e-02-4.638543354e-02-4.704549906e-02-4.729162528e-02-4.709617421e-02
-4.641010985e-02-4.514636099e-02-4.357907921e-02-4.163852333e-02-3.929511459e-02
-3.657090294e-02-3.346418962e-02-2.997047830e-02-2.608976699e-02-2.182019317e-02
-1.715836485e-02-1.210008374e-02-6.639588129e-03-7.690574130e-04 5.521717481e-03
 1.224553397e-02 1.941795090e-02 2.705754341e-02 3.518626463e-02 4.382994029e-02
 5.301895735e-02 6.278918684e-02 7.318322358e-02 8.425210410e-02 9.605758643e-02
 1.086753831e-01 1.221994906e-01 1.367483736e-01 1.524734645e-01 1.695711911e-01
 1.882993578e-01 2.089983077e-01 2.321148961e-01 2.582224608e-01 2.880313993e-01
 3.199791611e-01 3.443566264e-01 3.609797060e-01 3.702910841e-01 3.719689845e-01
 3.662261366e-01 3.519234359e-01 3.304859697e-01 3.120443524e-01 2.972290815e-01
-3.628183529e-02-4.066255686e-02-4.047573733e-02-3.945658356e-02-3.899054599e-02
-3.897473961e-02-3.930687162e-02-3.989176452e-02-4.064615071e-02-4.149919006e-02
-4.239102083e-02-4.327073692e-02-4.409426448e-02-4.482224584e-02-4.541750251e-02
-4.584113881e-02-4.604469241e-02-4.595218602e-02-4.551629348e-02-4.470379277e-02
-4.349161312e-02-4.187204690e-02-3.987485173e-02-3.750550000e-02-3.476591034e-02
-3.166175264e-02-2.819710599e-02-2.437482777e-02-2.019720341e-02-1.566529649e-02
-1.077856960e-02-5.534612603e-03 7.123083924e-05 6.046210430e-03 1.240046139e-02
 1.914722470e-02 2.630303243e-02 3.388791907e-02 4.192569855e-02 5.044434595e-02
 5.947661775e-02 6.906087699e-02 7.924237844e-02 9.007497880e-02 1.016236172e-01
 1.139678285e-01 1.272067129e-01 1.414662600e-01 1.569102854e-01 1.737573743e-01
 1.923082769e-01 2.129914911e-01 2.364385425e-01 2.635819315e-01 2.954325379e-01
 3.235715628e-01 3.447583913e-01 3.590598108e-01 3.662731946e-01 3.663507402e-01
 3.579847216e-01 3.404183387e-01 3.214285374e-01 3.056023418e-01 2.923137844e-01
-4.146071523e-02-4.604299738e-02-4.616343604e-02-4.515856135e-02-4.459479080e-02
-4.440296066e-02-4.449879004e-02-4.479982331e-02-4.523077606e-02-4.572521150e-02
-4.622510447e-02-4.667940360e-02-4.704234374e-02-4.727182168e-02-4.732787985e-02
-4.717122766e-02-4.676209764e-02-4.606072976e-02-4.503457624e-02-4.365982112e-02
-4.192183909e-02-3.981573138e-02-3.734598307e-02-3.451893482e-02-3.134194018e-02
-2.782333830e-02-2.397150916e-02-1.979426667e-02-1.529840470e-02-1.048915929e-02
-5.369676728e-03 5.947201862e-05 5.800738931e-03 1.185995806e-02 1.824659485e-02
 2.497386749e-02 3.205878288e-02 3.952210391e-02 4.738834134e-02 5.568582934e-02
 6.444695595e-02 7.370864603e-02 8.351312584e-02 9.390909967e-02 1.049533859e-01
 1.167132556e-01 1.292695552e-01 1.427210719e-01 1.571907699e-01 1.728346943e-01
 1.898561121e-01 2.085292487e-01 2.292489559e-01 2.526950836e-01 2.776763438e-01
 2.986802458e-01 3.148969114e-01 3.260070085e-01 3.319013417e-01 3.317355811e-01
 3.252090811e-01 3.128176333e-01 3.008117973e-01 2.897897959e-01 2.798333465e-01
-4.481131583e-02-4.965394363e-02-4.991501570e-02-4.917026682e-02-4.884197937e-02
-4.881885649e-02-4.899982362e-02-4.929958281e-02-4.964855316e-02-4.998939109e-02
-5.027301608e-02-5.045544353e-02-5.049568416e-02-5.035467075e-02-4.999493434e-02
-4.938090967e-02-4.847974706e-02-4.726272449e-02-4.570724446e-02-4.379807039e-02
-4.152770713e-02-3.889608009e-02-3.590935840e-02-3.257786858e-02-2.891451490e-02
-2.493361199e-02-2.064988761e-02-1.607762833e-02-1.122992673e-02-6.117928278e-03
-7.500685460e-04 4.868675474e-03 1.073744522e-02 1.685998401e-02 2.324486527e-02
 2.990545152e-02 3.685957188e-02 4.412902141e-02 5.173901102e-02 5.971763658e-02
 6.809552008e-02 7.690564549e-02 8.618343627e-02 9.596701717e-02 1.062975898e-01
 1.172198281e-01 1.287821233e-01 1.410362124e-01 1.540355980e-01 1.678308845e-01
 1.824586838e-01 1.979148686e-01 2.140908242e-01 2.306348236e-01 2.467281074e-01
 2.610914409e-01 2.728287876e-01 2.814060746e-01 2.865082622e-01 2.880206406e-01
 2.861400247e-01 2.817542256e-01 2.760003209e-01 2.696783245e-01 2.632729412e-01
-4.582639039e-02-5.090960114e-02-5.169914660e-02-5.165731534e-02-5.201468991e-02
-5.255100502e-02-5.313086140e-02-5.367618798e-02-5.414107069e-02-5.449387431e-02
-5.470679331e-02-5.475062507e-02-5.459301922e-02-5.419885366e-02-5.353201556e-02
-5.255777386e-02-5.124535787e-02-4.957026242e-02-4.751607403e-02-4.507534203e-02
-4.224955293e-02-3.904813904e-02-3.548685463e-02-3.158581260e-02-2.736767566e-02
-2.285624297e-02-1.807542334e-02-1.304847377e-02-7.797273778e-03-2.341448766e-03
 3.302750411e-03 9.123728596e-03 1.511576769e-02 2.127992736e-02 2.762438168e-02
 3.416408229e-02 4.091981048e-02 4.791673651e-02 5.518284443e-02 6.274744868e-02
 7.064004248e-02 7.888947433e-02 8.752340818e-02 9.656795117e-02 1.060471014e-01
 1.159818842e-01 1.263886690e-01 1.372762471e-01 1.486407518e-01 1.604571342e-01
 1.726652383e-01 1.851484477e-01 1.977047026e-01 2.100179495e-01 2.216558307e-01
 2.321272792e-01 2.409830838e-01 2.478889971e-01 2.526571750e-01 2.552651466e-01
 2.558726668e-01 2.548083962e-01 2.524922192e-01 2.493334263e-01 2.456693203e-01
-4.342311619e-02-4.838196190e-02-5.100818723e-02-5.291451138e-02-5.472719295e-02
-5.626617372e-02-5.748150495e-02-5.840343611e-02-5.907287824e-02-5.951798709e-02
-5.974812807e-02-5.975340681e-02-5.950728062e-02-5.897141622e-02-5.810189250e-02
-5.685555932e-02-5.519563332e-02-5.309598149e-02-5.054378512e-02-4.754046354e-02
-4.410078746e-02-4.025037959e-02-3.602219376e-02-3.145286071e-02-2.657983269e-02
-2.143972367e-02-1.606789790e-02-1.049869882e-02-4.765603255e-03 1.099425372e-03
 7.067746963e-03 1.311676203e-02 1.923279275e-02 2.541327105e-02 3.166758269e-02
 3.801629698e-02 4.448881740e-02 5.111987141e-02 5.794576550e-02 6.500121951e-02
 7.231723514e-02 7.992005348e-02 8.783065528e-02 9.606445581e-02 1.046308428e-01
 1.135321558e-01 1.227618530e-01 1.323017032e-01 1.421175450e-01 1.521534622e-01
 1.623244137e-01 1.725082248e-01 1.825389863e-01 1.922064573e-01 2.012666463e-01
 2.094653995e-01 2.165704220e-01 2.224017830e-01 2.268543841e-01 2.299101354e-01
 2.316387742e-01 2.321847976e-01 2.317413687e-01 2.305186539e-01 2.287169247e-01
-4.032099250e-02-4.532585292e-02-5.004978926e-02-5.462061988e-02-5.888813731e-02
-6.133532527e-02-6.296788903e-02-6.407446417e-02-6.482142957e-02-6.530655918e-02
-6.557442248e-02-6.562291087e-02-6.541144851e-02-6.487423928e-02-6.393565239e-02
-6.252414730e-02-6.058241430e-02-5.807410926e-02-5.498779195e-02-5.133812499e-02
-4.716363549e-02-4.252039644e-02-3.747291863e-02-3.208515045e-02-2.641469610e-02
-2.051147820e-02-1.442013400e-02-8.184315622e-03-1.850696484e-03 4.529860322e-03
 1.090584413e-02 1.723265460e-02 2.348073943e-02 2.964120731e-02 3.572808203e-02
 4.177707435e-02 4.784016317e-02 5.397644636e-02 6.024231392e-02 6.668487197e-02
 7.333961874e-02 8.023086187e-02 8.737310764e-02 9.477221960e-02 1.024258957e-01
 1.103234291e-01 1.184446961e-01 1.267584414e-01 1.352199614e-01 1.437684000e-01
 1.523240209e-01 1.607864051e-01 1.690344959e-01 1.769299061e-01 1.843244433e-01
 1.910714954e-01 1.970398575e-01 2.021271586e-01 2.062705160e-01 2.094523758e-01
 2.117006332e-01 2.130829543e-01 2.136963159e-01 2.136542797e-01 2.130746842e-01
-3.872923552e-02-4.422300310e-02-5.008386078e-02-5.653768402e-02-6.354104729e-02
-6.829675286e-02-7.030608502e-02-7.101234795e-02-7.147900759e-02-7.183250783e-02
-7.213935253e-02-7.237542421e-02-7.243139295e-02-7.215155661e-02-7.137733699e-02
-6.997475773e-02-6.784549358e-02-6.493114682e-02-6.121785563e-02-5.674208698e-02
-5.159124731e-02-4.588973522e-02-3.977017847e-02-3.334516656e-02-2.669479141e-02
-1.987049729e-02-1.290758421e-02-5.841227277e-03 1.276057359e-03 8.361112326e-03
 1.530673451e-02 2.201330848e-02 2.841663732e-02 3.449537607e-02 4.027223958e-02
 4.581768069e-02 5.124466863e-02 5.667815355e-02 6.221839786e-02 6.792927528e-02
 7.384566218e-02 7.998318970e-02 8.634490520e-02 9.292484072e-02 9.970958531e-02
 1.066786722e-01 1.138041615e-01 1.210497544e-01 1.283698081e-01 1.357082575e-01
 1.429981291e-01 1.501615793e-01 1.571114511e-01 1.637540608e-01 1.699939519e-01
 1.757398545e-01 1.809113622e-01 1.854452640e-01 1.893006563e-01 1.924617439e-01
 1.949381083e-01 1.967622787e-01 1.979852915e-01 1.986708344e-01 1.988893598e-01
-3.693046051e-02-4.258935897e-02-4.882870989e-02-5.592072007e-02-6.408752504e-02
-7.086762042e-02-7.556223868e-02-7.809979469e-02-7.848367837e-02-7.841376963e-02
-7.885496318e-02-7.972513141e-02-8.064565805e-02-8.118614554e-02-8.101658520e-02
-7.992210981e-02-7.776221633e-02-7.444432375e-02-6.992617252e-02-6.425012645e-02
-5.759976430e-02-5.030063170e-02-4.267994690e-02-3.493478148e-02-2.713696472e-02
-1.928650404e-02-1.135143542e-02-3.294036054e-03 4.897590276e-03 1.311635415e-02
 2.100877836e-02 2.829947324e-02 3.490689400e-02 4.080797732e-02 4.600775616e-02
 5.058529225e-02 5.485841256e-02 5.922728029e-02 6.383623180e-02 6.871228668e-02
 7.385043806e-02 7.923501730e-02 8.484599745e-02 9.066062421e-02 9.665346891e-02
 1.027958244e-01 1.090549454e-01 1.153932512e-01 1.217676700e-01 1.281292737e-01
 1.344233305e-01 1.405898630e-01 1.465650052e-01 1.522829830e-01 1.576789766e-01
 1.626923681e-01 1.672701687e-01 1.713703573e-01 1.749642342e-01 1.780380606e-01
 1.805931925e-01 1.826450675e-01 1.842211485e-01 1.853581220e-01 1.860988140e-01
-3.430498762e-02-3.966711092e-02-4.550058393e-02-5.188474807e-02-5.884398517e-02
-6.629498306e-02-7.336618009e-02-7.850524040e-02-8.153209838e-02-8.233054726e-02
-8.377982675e-02-8.693962541e-02-9.049603343e-02-9.292971343e-02-9.398311375e-02
-9.358090906e-02-9.163791680e-02-8.802569660e-02-8.256349718e-02-7.503526652e-02
-6.539387256e-02-5.508797988e-02-4.534381629e-02-3.611775486e-02-2.723027018e-02
-1.850191873e-02-9.760925561e-03-8.282064082e-04 8.513842695e-03 1.854898783e-02
 2.776500768e-02 3.569598497e-02 4.252338038e-02 4.817477983e-02 5.261938275e-02
 5.568850039e-02 5.796595666e-02 6.105945258e-02 6.471932681e-02 6.880794471e-02
 7.323864853e-02 7.795081288e-02 8.289816970e-02 8.804212511e-02 9.334768349e-02
 9.878081825e-02 1.043067574e-01 1.098888889e-01 1.154880821e-01 1.210624129e-01
 1.265673041e-01 1.319559813e-01 1.371804774e-01 1.421929002e-01 1.469470710e-01
 1.514004767e-01 1.555160433e-01 1.592639536e-01 1.626229286e-01 1.655810475e-01
 1.681359410e-01 1.702943147e-01 1.720709502e-01 1.734872461e-01 1.745695918e-01
-3.089411742e-02-3.568589316e-02-4.080792519e-02-4.627655822e-02-5.207534505e-02
-5.815243350e-02-6.443015489e-02-7.082409415e-02-7.620959732e-02-7.910571246e-02
-8.271910997e-02-8.905715494e-02-9.607095270e-02-1.003517062e-01-1.025170907e-01
-1.027974636e-01-1.011863276e-01-9.754918519e-02-9.160021687e-02-8.274976167e-02
-6.987155235e-02-5.664777008e-02-4.550962524e-02-3.554147854e-02-2.622172797e-02
-1.721704935e-02-8.273362197e-03 8.452219918e-04 1.040280334e-02 2.067182398e-02
 3.007979876e-02 3.806850687e-02 4.480696472e-02 5.026477574e-02 5.436924103e-02
 5.692460758e-02 5.864130706e-02 6.118917091e-02 6.434285639e-02 6.793990737e-02
 7.187573615e-02 7.608023286e-02 8.050245050e-02 8.510153001e-02 8.984163401e-02
 9.468912330e-02 9.961092472e-02 1.045736224e-01 1.095429361e-01 1.144835501e-01
 1.193591804e-01 1.241329461e-01 1.287680119e-01 1.332284063e-01 1.374799609e-01
 1.414915175e-01 1.452358812e-01 1.486908197e-01 1.518398374e-01 1.546726376e-01
 1.571852118e-01 1.593796611e-01 1.612636745e-01 1.628497542e-01 1.641542316e-01
 0.107074785E+01 0.109139454E+01 0.110652804E+01 0.112368119E+01 0.114224398E+01
 0.116123712E+01 0.118086946E+01 0.120115709E+01 0.122296572E+01 0.124362981E+01
 0.126601958E+01 0.128941906E+01 0.131296670E+01 0.133748984E+01 0.136272156E+01
 0.138931775E+01 0.141649878E+01 0.144449389E+01 0.147353029E+01 0.150374377E+01
 0.153502572E+01 0.156735075E+01 0.160078597E+01 0.163546109E+01 0.167154717E+01
 0.170896184E+01 0.174772704E+01 0.178796673E+01 0.182985914E+01 0.187333465E+01
 0.191862965E+01 0.196577883E+01 0.201476336E+01 0.206586838E+01 0.211912298E+01
 0.217477417E+01 0.223279190E+01 0.229335308E+01 0.235668778E+01 0.242299008E+01
 0.249245882E+01 0.256508827E+01 0.264132881E+01 0.272134781E+01 0.280552483E+01
 0.289386010E+01 0.298704219E+01 0.308525014E+01 0.318880224E+01 0.329814053E+01
 0.341404104E+01 0.353685761E+01 0.366706276E+01 0.380683804E+01 0.395550108E+01
 0.411529255E+01 0.428832436E+01 0.447531080E+01 0.468123817E+01 0.490907812E+01
 0.516728973E+01 0.546902275E+01 0.584981585E+01 0.642080879E+01 0.940250778E+01
   85  117
 0.110578275E+01 0.000000000E+00 0.110747051E+01 0.100000001E+00 0.111176968E+01
 0.200000003E+00 0.111870885E+01 0.300000012E+00 0.112945843E+01 0.400000006E+00
 0.113702309E+01 0.449999988E+00 0.115462971E+01 0.550000012E+00 0.116530764E+01
 0.600000024E+00 0.118531251E+01 0.691302359E+00 0.119803572E+01 0.750000000E+00
 0.121187496E+01 0.820497394E+00 0.122703123E+01 0.899999976E+00 0.123843753E+01
 0.974355459E+00 0.125070548E+01 0.104999995E+01 0.126977038E+01 0.115077066E+01
 0.131812501E+01 0.113511002E+01 0.137125003E+01 0.110625529E+01 0.139781249E+01
 0.108944213E+01 0.145093751E+01 0.105936217E+01 0.147749996E+01 0.104226637E+01
 0.153062499E+01 0.101049662E+01 0.155718756E+01 0.992573082E+00 0.161031246E+01
 0.958027601E+00 0.163687503E+01 0.938798845E+00 0.168910921E+01 0.899999976E+00
 0.171656251E+01 0.880052865E+00 0.175439954E+01 0.850000024E+00 0.179624999E+01
 0.816168606E+00 0.182281256E+01 0.792844474E+00 0.187058818E+01 0.750000000E+00
 0.190250003E+01 0.720961154E+00 0.192906249E+01 0.694802523E+00 0.197304738E+01
 0.649999976E+00 0.200874996E+01 0.611572623E+00 0.203531241E+01 0.579950213E+00
 0.206187510E+01 0.546134114E+00 0.209594798E+01 0.500000000E+00 0.212817216E+01
 0.449999988E+00 0.215691996E+01 0.400000006E+00 0.218274093E+01 0.349999994E+00
 0.220595956E+01 0.300000012E+00 0.222658515E+01 0.250000000E+00 0.224781251E+01
 0.186582446E+00 0.226996517E+01 0.100000001E+00 0.227821565E+01 0.500000007E-01
 0.228031564E+01-0.500000007E-01 0.227419543E+01-0.100000001E+00 0.225302935E+01
-0.200000003E+00 0.223688483E+01-0.250000000E+00 0.221826386E+01-0.300000012E+00
 0.219468760E+01-0.357592583E+00 0.216812491E+01-0.412383884E+00 0.214156246E+01
-0.460435927E+00 0.211500001E+01-0.502893031E+00 0.208048034E+01-0.550000012E+00
 0.204010105E+01-0.600000024E+00 0.200874996E+01-0.633633196E+00 0.198218751E+01
-0.660323203E+00 0.193761814E+01-0.699999988E+00 0.190250003E+01-0.728401184E+00
 0.187268698E+01-0.750000000E+00 0.182281256E+01-0.784276664E+00 0.179624999E+01
-0.800757647E+00 0.174312496E+01-0.828369498E+00 0.169340956E+01-0.850000024E+00
 0.166343749E+01-0.861125171E+00 0.161031246E+01-0.875200987E+00 0.155718756E+01
-0.883714259E+00 0.150406253E+01-0.886854947E+00 0.145093751E+01-0.884066760E+00
 0.139781249E+01-0.873915136E+00 0.134468746E+01-0.852955103E+00 0.131812501E+01
-0.836049557E+00 0.127627683E+01-0.800000012E+00 0.123843753E+01-0.752460182E+00
 0.121187496E+01-0.703580499E+00 0.119093764E+01-0.649999976E+00 0.117502093E+01
-0.600000024E+00 0.115875006E+01-0.534702182E+00 0.114193869E+01-0.449999988E+00
 0.113218749E+01-0.388443887E+00 0.112071908E+01-0.300000012E+00 0.111215174E+01
-0.200000003E+00 0.110724139E+01-0.100000001E+00 0.110578275E+01 0.000000000E+00
 0.101600003E+01 0.000000000E+00 0.101600003E+01 0.963999987E+00 0.101600003E+01
 0.967999995E+00 0.101600003E+01 0.100100005E+01 0.101600003E+01 0.101900005E+01
 0.101600003E+01 0.107700002E+01 0.101600003E+01 0.107000005E+01 0.101600003E+01
 0.109599996E+01 0.101600003E+01 0.111300004E+01 0.101600003E+01 0.113800001E+01
 0.101600003E+01 0.114699996E+01 0.101199996E+01 0.116499996E+01 0.100100005E+01
 0.121700001E+01 0.102900004E+01 0.121700001E+01 0.104200006E+01 0.116240001E+01
 0.104600000E+01 0.116237998E+01 0.105599999E+01 0.116260004E+01 0.109700000E+01
 0.116450000E+01 0.110800004E+01 0.116594005E+01 0.111600006E+01 0.116591001E+01
 0.113399994E+01 0.116895998E+01 0.114800000E+01 0.117174995E+01 0.116199994E+01
 0.117556000E+01 0.118099999E+01 0.118299997E+01 0.118200004E+01 0.118350005E+01
 0.118499994E+01 0.118499994E+01 0.119000006E+01 0.118799996E+01 0.119500005E+01
 0.119099998E+01 0.120099998E+01 0.119599998E+01 0.120899999E+01 0.120200002E+01
 0.121500003E+01 0.120799994E+01 0.122200000E+01 0.121399999E+01 0.122800004E+01
 0.122099996E+01 0.123399997E+01 0.123099995E+01 0.123899996E+01 0.123800004E+01
 0.124199998E+01 0.124399996E+01 0.124800003E+01 0.125399995E+01 0.125800002E+01
 0.127800000E+01 0.126300001E+01 0.128999996E+01 0.127999997E+01 0.133099997E+01
 0.127999997E+01 0.134700000E+01 0.127999997E+01 0.134800005E+01 0.130999994E+01
 0.134800005E+01 0.132799995E+01 0.134800005E+01 0.136099994E+01 0.134800005E+01
 0.138000000E+01 0.134800005E+01 0.141900003E+01 0.134800005E+01 0.141900003E+01
 0.130999994E+01 0.137199998E+01 0.130999994E+01 0.137167001E+01 0.129237998E+01
 0.137003005E+01 0.128268003E+01 0.136688006E+01 0.125644004E+01 0.136719000E+01
 0.122955000E+01 0.137178004E+01 0.119576001E+01 0.137223995E+01 0.119402003E+01
 0.138662004E+01 0.116487002E+01 0.138707995E+01 0.116420996E+01 0.140382004E+01
 0.115696001E+01 0.141127002E+01 0.115730000E+01 0.141857004E+01 0.116131997E+01
 0.142100000E+01 0.116400003E+01 0.148662996E+01 0.124049997E+01 0.149730003E+01
 0.123458004E+01 0.149761999E+01 0.123427999E+01 0.149744999E+01 0.123174000E+01
 0.149275005E+01 0.121329999E+01 0.149259996E+01 0.121061003E+01 0.149260998E+01
 0.120485997E+01 0.149278998E+01 0.120213997E+01 0.149339998E+01 0.119641995E+01
 0.149469995E+01 0.118510997E+01 0.149621999E+01 0.116069996E+01 0.147981000E+01
 0.112425995E+01 0.148081994E+01 0.112256002E+01 0.148149002E+01 0.112137997E+01
 0.148645997E+01 0.111691999E+01 0.149094999E+01 0.111439002E+01 0.150304997E+01
 0.111243999E+01 0.159696996E+01 0.109489000E+01 0.162549996E+01 0.108529997E+01
 0.163751996E+01 0.107988000E+01 0.164699996E+01 0.107700002E+01 0.178499997E+01
 0.107700002E+01 0.206999993E+01 0.103999996E+01 0.212800002E+01 0.992999971E+00
 0.224499989E+01 0.708999991E+00 0.233956003E+01 0.461430013E+00 0.234707999E+01
 0.415829986E+00 0.234912992E+01 0.272179991E+00 0.235103011E+01 0.170179993E+00
 0.235157990E+01 0.701199993E-01 0.235124993E+01-0.317899995E-01 0.235050988E+01
-0.144350007E+00 0.234964991E+01-0.214829996E+00 0.234870005E+01-0.326689988E+00
 0.234759998E+01-0.386770010E+00 0.234019995E+01-0.453040004E+00 0.232942009E+01
-0.477569997E+00 0.213400006E+01-0.972999990E+00 0.178600001E+01-0.117400002E+01
 0.176800001E+01-0.121099997E+01 0.176800001E+01-0.125000000E+01 0.168200004E+01
-0.125000000E+01 0.137199998E+01-0.125000000E+01 0.137199998E+01-0.132900000E+01
 0.141999996E+01-0.132900000E+01 0.141999996E+01-0.136300004E+01 0.127300000E+01
-0.136300004E+01 0.115300000E+01-0.136300004E+01 0.101600003E+01-0.122300005E+01
 0.101600003E+01-0.122300005E+01 0.101600003E+01-0.829999983E+00 0.101600003E+01
-0.800000012E+00 0.101600003E+01-0.414999992E+00 0.101600003E+01-0.400000006E+00
 0.101600003E+01-0.100000005E-02 0.101600003E+01 0.000000000E+00
    0 0.169550002E+01    0
 0.000000000E+00 0.817058161E-01 0.116295151E+00 0.143140748E+00 0.165991262E+00
 0.186401278E+00 0.205104113E+00 0.222527906E+00 0.237797946E+00 0.253487736E+00
 0.268503040E+00 0.283113509E+00 0.297190160E+00 0.310782522E+00 0.324122727E+00
 0.337228656E+00 0.350034207E+00 0.362579912E+00 0.375013173E+00 0.387252986E+00
 0.399387747E+00 0.411396861E+00 0.423277050E+00 0.435111105E+00 0.446872890E+00
 0.458587468E+00 0.470267504E+00 0.481894284E+00 0.493541271E+00 0.505156040E+00
 0.516803682E+00 0.528464496E+00 0.540127397E+00 0.551857889E+00 0.563615441E+00
 0.575441599E+00 0.587326169E+00 0.599273264E+00 0.611321807E+00 0.623459458E+00
 0.635701597E+00 0.648046076E+00 0.660518944E+00 0.673117816E+00 0.685869455E+00
 0.698765814E+00 0.711829007E+00 0.725073874E+00 0.738510430E+00 0.752144217E+00
 0.765993118E+00 0.780087292E+00 0.794396102E+00 0.809035301E+00 0.823912025E+00
 0.839104712E+00 0.854666948E+00 0.870549381E+00 0.886873722E+00 0.903622806E+00
 0.920908630E+00 0.938824594E+00 0.957536221E+00 0.977357626E+00 0.100000000E+01
    0
