  EFITD    03/25/2017    #173630  3000ms  EFIT01   0  65  65
 0.170000005E+01 0.320000005E+01 0.169550002E+01 0.839999974E+00 0.000000000E+00
 0.178962779E+01-0.488095544E-01-0.227005363E+00 0.212372448E-01-0.148646593E+01
 0.114974738E+07-0.227005363E+00 0.000000000E+00 0.178962779E+01 0.000000000E+00
-0.488095544E-01 0.000000000E+00 0.212372448E-01 0.000000000E+00 0.000000000E+00
-0.258749533E+01-0.258538246E+01-0.258329749E+01-0.258124089E+01-0.257921314E+01
-0.257721424E+01-0.257524443E+01-0.257330441E+01-0.257139397E+01-0.256951356E+01
-0.256766367E+01-0.256584430E+01-0.256405592E+01-0.256229877E+01-0.256057310E+01
-0.255887890E+01-0.255721688E+01-0.255558729E+01-0.255399013E+01-0.255242586E+01
-0.255089474E+01-0.254939675E+01-0.254793262E+01-0.254650259E+01-0.254510665E+01
-0.254374504E+01-0.254241824E+01-0.254112649E+01-0.253987002E+01-0.253864908E+01
-0.253746414E+01-0.253631520E+01-0.253520250E+01-0.253412652E+01-0.253308725E+01
-0.253208542E+01-0.253112078E+01-0.253019381E+01-0.252930474E+01-0.252845383E+01
-0.252764130E+01-0.252686763E+01-0.252613282E+01-0.252543712E+01-0.252478075E+01
-0.252416420E+01-0.252358747E+01-0.252305102E+01-0.252255511E+01-0.252209949E+01
-0.252168512E+01-0.252131152E+01-0.252097940E+01-0.252068901E+01-0.252044034E+01
-0.252023363E+01-0.252006936E+01-0.251994753E+01-0.251986837E+01-0.251983213E+01
-0.251983929E+01-0.251988959E+01-0.251998353E+01-0.252012134E+01-0.252030301E+01
 0.694310938E+05 0.677998984E+05 0.661860547E+05 0.645895430E+05 0.630103828E+05
 0.614485625E+05 0.599040898E+05 0.583769570E+05 0.568671719E+05 0.553747266E+05
 0.538996289E+05 0.524418750E+05 0.510014609E+05 0.495783945E+05 0.481726719E+05
 0.467842930E+05 0.454132578E+05 0.440595664E+05 0.427232188E+05 0.414042148E+05
 0.401025547E+05 0.388182383E+05 0.375512656E+05 0.363016367E+05 0.350693516E+05
 0.338544141E+05 0.326568164E+05 0.314765645E+05 0.303136562E+05 0.291680898E+05
 0.280398691E+05 0.269289941E+05 0.258354609E+05 0.247592715E+05 0.237004258E+05
 0.226589258E+05 0.216347676E+05 0.206279551E+05 0.196384863E+05 0.186663613E+05
 0.177115781E+05 0.167741406E+05 0.158540478E+05 0.149512978E+05 0.140658926E+05
 0.131978301E+05 0.123471123E+05 0.115137383E+05 0.106977080E+05 0.989902246E+04
 0.911767968E+04 0.835368164E+04 0.760702734E+04 0.687771679E+04 0.616575000E+04
 0.547112744E+04 0.479384863E+04 0.413391406E+04 0.349132300E+04 0.286607593E+04
 0.225817309E+04 0.166761389E+04 0.109439868E+04 0.538527344E+03 0.000000000E+00
-0.141891456E+01-0.139910853E+01-0.137916172E+01-0.135907412E+01-0.133884573E+01
-0.131847668E+01-0.129796684E+01-0.127731621E+01-0.125652480E+01-0.123559260E+01
-0.121451974E+01-0.119330609E+01-0.117195165E+01-0.115045643E+01-0.112882054E+01
-0.110704386E+01-0.108512640E+01-0.106306815E+01-0.104086912E+01-0.101852942E+01
-0.996048927E+00-0.973427653E+00-0.950665653E+00-0.927762866E+00-0.904719293E+00
-0.881534994E+00-0.858209908E+00-0.834744096E+00-0.811137498E+00-0.787390172E+00
-0.763502061E+00-0.739473164E+00-0.715303540E+00-0.690993190E+00-0.666541994E+00
-0.641950130E+00-0.617217422E+00-0.592343986E+00-0.567329824E+00-0.542174876E+00
-0.516879141E+00-0.491442680E+00-0.465865463E+00-0.440147459E+00-0.414288700E+00
-0.388289183E+00-0.362148911E+00-0.335867882E+00-0.309446096E+00-0.282883555E+00
-0.256180227E+00-0.229336157E+00-0.202351317E+00-0.175225720E+00-0.147959366E+00
-0.120552249E+00-0.930043756E-01-0.653157381E-01-0.374863404E-01-0.951618189E-02
 0.185947360E-01 0.468464156E-01 0.752388537E-01 0.103772052E+00 0.132446005E+00
-0.422777719E+06-0.418306250E+06-0.413834781E+06-0.409363312E+06-0.404891813E+06
-0.400420344E+06-0.395948875E+06-0.391477406E+06-0.387005906E+06-0.382534437E+06
-0.378062969E+06-0.373591500E+06-0.369120000E+06-0.364648531E+06-0.360177063E+06
-0.355705594E+06-0.351234094E+06-0.346762625E+06-0.342291156E+06-0.337819687E+06
-0.333348187E+06-0.328876719E+06-0.324405250E+06-0.319933781E+06-0.315462281E+06
-0.310990813E+06-0.306519344E+06-0.302047875E+06-0.297576375E+06-0.293104906E+06
-0.288633438E+06-0.284161969E+06-0.279690469E+06-0.275219000E+06-0.270747531E+06
-0.266276062E+06-0.261804578E+06-0.257333109E+06-0.252861625E+06-0.248390156E+06
-0.243918672E+06-0.239447203E+06-0.234975719E+06-0.230504250E+06-0.226032766E+06
-0.221561297E+06-0.217089813E+06-0.212618344E+06-0.208146859E+06-0.203675391E+06
-0.199203906E+06-0.194732438E+06-0.190260953E+06-0.185789484E+06-0.181318000E+06
-0.176846531E+06-0.172375047E+06-0.167903578E+06-0.163432094E+06-0.158960625E+06
-0.154489156E+06-0.150017672E+06-0.145546203E+06-0.141074719E+06-0.136603250E+06
 3.395618124e-02 2.647307146e-02 1.847798748e-02 9.980850824e-03 1.117553955e-03
-7.840991937e-03-1.650926469e-02-2.443170732e-02-2.798241007e-02-2.338463624e-02
-1.822967638e-02-1.535597815e-02-1.360638722e-02-1.119819374e-02-8.269860380e-03
-4.828553705e-03-8.127988258e-04 3.879009513e-03 9.415755077e-03 1.609139706e-02
 2.442886122e-02 3.293191642e-02 4.047189659e-02 4.749231043e-02 5.426361042e-02
 6.097634140e-02 6.779243058e-02 7.487732169e-02 8.243073526e-02 9.068549421e-02
 9.826752541e-02 1.047275811e-01 1.102094650e-01 1.146199703e-01 1.178964004e-01
 1.198709235e-01 1.210718080e-01 1.229350343e-01 1.252516359e-01 1.279018372e-01
 1.308209748e-01 1.339739411e-01 1.373383701e-01 1.408948154e-01 1.446223409e-01
 1.484972090e-01 1.524927765e-01 1.565797776e-01 1.607266814e-01 1.648999005e-01
 1.690642089e-01 1.731832177e-01 1.772200614e-01 1.811381579e-01 1.849022954e-01
 1.884796768e-01 1.918410212e-01 1.949616521e-01 1.978223026e-01 2.004096509e-01
 2.027165740e-01 2.047420442e-01 2.064905762e-01 2.079716176e-01 2.091985196e-01
 2.664440873e-02 1.759421638e-02 7.650417305e-03-3.335612157e-03-1.533733217e-02
-2.803079222e-02-3.876525910e-02-4.372284564e-02-4.209407793e-02-3.363522887e-02
-2.564078942e-02-2.014977859e-02-1.600229184e-02-1.218156143e-02-8.341195076e-03
-4.298831831e-03 8.576316759e-05 4.943557491e-03 1.041038515e-02 1.662517522e-02
 2.364566174e-02 3.090812455e-02 3.790341315e-02 4.467462379e-02 5.133574089e-02
 5.800709131e-02 6.481408334e-02 7.189942157e-02 7.944700873e-02 8.767011756e-02
 9.525398916e-02 1.017412990e-01 1.072649584e-01 1.117900834e-01 1.152458341e-01
 1.174593419e-01 1.190096439e-01 1.212621332e-01 1.240217537e-01 1.271656602e-01
 1.306208521e-01 1.343414933e-01 1.382957845e-01 1.424582600e-01 1.468050330e-01
 1.513111293e-01 1.559490561e-01 1.606880426e-01 1.654936522e-01 1.703277230e-01
 1.751486062e-01 1.799116433e-01 1.845701337e-01 1.890765130e-01 1.933840960e-01
 1.974488199e-01 2.012313605e-01 2.046988755e-01 2.078266591e-01 2.105990052e-01
 2.130096853e-01 2.150615602e-01 2.167657167e-01 2.181399763e-01 2.192073315e-01
 2.086683548e-02 1.087120082e-02-3.964577336e-04-1.361741593e-02-2.906934731e-02
-4.029820487e-02-4.581640285e-02-4.539270324e-02-3.885613754e-02-3.104986253e-02
-2.420780995e-02-1.847379094e-02-1.355109268e-02-9.093936518e-03-4.825608776e-03
-5.474808568e-04 3.883972968e-03 8.574535139e-03 1.359613147e-02 1.897584839e-02
 2.467454597e-02 3.058793209e-02 3.660690045e-02 4.267614341e-02 4.879459360e-02
 5.499340588e-02 6.131890416e-02 6.782072777e-02 7.453452799e-02 8.139380818e-02
 8.796491477e-02 9.395978597e-02 9.932935980e-02 1.040543466e-01 1.081217155e-01
 1.115615144e-01 1.147105097e-01 1.180403680e-01 1.216453612e-01 1.255281121e-01
 1.296768934e-01 1.340771318e-01 1.387136429e-01 1.435701549e-01 1.486282050e-01
 1.538660526e-01 1.592576355e-01 1.647716462e-01 1.703709065e-01 1.760118753e-01
 1.816445440e-01 1.872128844e-01 1.926557422e-01 1.979088039e-01 2.029070706e-01
 2.075882108e-01 2.118961363e-01 2.157845795e-01 2.192199826e-01 2.221833914e-01
 2.246710508e-01 2.266935855e-01 2.282740324e-01 2.294450403e-01 2.302456796e-01
 1.699796322e-02 7.198200547e-03-3.460179752e-03-1.553891132e-02-2.859388289e-02
-3.538007662e-02-3.512210771e-02-3.160165997e-02-2.730449662e-02-2.265521511e-02
-1.798958330e-02-1.349698196e-02-9.221700951e-03-5.115660388e-03-1.092589577e-03
 2.938583930e-03 7.058165909e-03 1.132908466e-02 1.579307573e-02 2.046772087e-02
 2.534621960e-02 3.040350607e-02 3.560875735e-02 4.093768072e-02 4.637778184e-02
 5.192600191e-02 5.758136880e-02 6.333398819e-02 6.914997098e-02 7.495657355e-02
 8.064834779e-02 8.612607419e-02 9.132803971e-02 9.623372558e-02 1.008632406e-01
 1.052842141e-01 1.096113920e-01 1.139725745e-01 1.184655353e-01 1.231489853e-01
 1.280541569e-01 1.331958323e-01 1.385786235e-01 1.441998631e-01 1.500507444e-01
 1.561162769e-01 1.623747199e-01 1.687965393e-01 1.753433347e-01 1.819665432e-01
 1.886065155e-01 1.951921284e-01 2.016414254e-01 2.078638077e-01 2.137641311e-01
 2.192485183e-01 2.242313922e-01 2.286425084e-01 2.324330658e-01 2.355793565e-01
 2.380837649e-01 2.399727852e-01 2.412924022e-01 2.421021759e-01 2.424687892e-01
 1.386998876e-02 5.090049934e-03-3.094360727e-03-1.094563583e-02-1.776815391e-02
-1.992847213e-02-1.999626870e-02-1.868307406e-02-1.646000892e-02-1.366667544e-02
-1.054828333e-02-7.267674446e-03-3.915588371e-03-5.266047956e-04 2.901958083e-03
 6.393028947e-03 9.977033391e-03 1.368333961e-02 1.753495267e-02 2.154574727e-02
 2.572003749e-02 3.005435690e-02 3.454067936e-02 3.916965428e-02 4.393234852e-02
 4.881982136e-02 5.382074046e-02 5.891783160e-02 6.408471608e-02 6.928545239e-02
 7.447902852e-02 7.962822163e-02 8.470876512e-02 8.971536157e-02 9.466428310e-02
 9.959267083e-02 1.045536176e-01 1.096067727e-01 1.148082540e-01 1.202042922e-01
 1.258295775e-01 1.317083835e-01 1.378561854e-01 1.442809999e-01 1.509838998e-01
 1.579588204e-01 1.651916802e-01 1.726588458e-01 1.803248525e-01 1.881396919e-01
 1.960356385e-01 2.039244325e-01 2.116956413e-01 2.192178368e-01 2.263441682e-01
 2.329231649e-01 2.388133258e-01 2.438987195e-01 2.481019945e-01 2.513923348e-01
 2.537871898e-01 2.553470730e-01 2.561646997e-01 2.563507855e-01 2.560205758e-01
 7.943452336e-03-1.041043550e-03-4.605193608e-03-6.622778223e-03-8.402386680e-03
-9.359497606e-03-9.396591209e-03-8.642580360e-03-7.272119663e-03-5.447493400e-03
-3.302206969e-03-9.363519639e-04 1.582857993e-03 4.217033274e-03 6.950361640e-03
 9.782662644e-03 1.272296812e-02 1.578429338e-02 1.897982133e-02 2.232047357e-02
 2.581375648e-02 2.946361710e-02 3.327097747e-02 3.723443675e-02 4.135071856e-02
 4.561464116e-02 5.001864961e-02 5.455221608e-02 5.920172849e-02 6.395138055e-02
 6.878538427e-02 7.369117433e-02 7.866278297e-02 8.370344338e-02 8.882676062e-02
 9.405627841e-02 9.942331162e-02 1.049637050e-01 1.107141227e-01 1.167091876e-01
 1.229796260e-01 1.295514851e-01 1.364460289e-01 1.436796784e-01 1.512638033e-01
 1.592041702e-01 1.674995870e-01 1.761397570e-01 1.851017923e-01 1.943452656e-01
 2.038052232e-01 2.133832722e-01 2.229379863e-01 2.322779596e-01 2.411646694e-01
 2.493324876e-01 2.565247118e-01 2.625319957e-01 2.672204375e-01 2.705475987e-01
 2.725669146e-01 2.734172941e-01 2.732945085e-01 2.724129558e-01 2.709737420e-01
 5.099567148e-03-3.785469075e-03-4.959622849e-03-3.697006294e-03-2.932231393e-03
-2.302365639e-03-1.576110575e-03-6.497923750e-04 5.014491908e-04 1.862875215e-03
 3.404897638e-03 5.097026966e-03 6.914936937e-03 8.843218908e-03 1.087547842e-02
 1.301292796e-02 1.526231132e-02 1.763374353e-02 2.013877960e-02 2.278889532e-02
 2.559440763e-02 2.856387192e-02 3.170382226e-02 3.501876074e-02 3.851120925e-02
 4.218182716e-02 4.602954903e-02 5.005177477e-02 5.424481627e-02 5.860464650e-02
 6.312810627e-02 6.781433517e-02 7.266619056e-02 7.769142091e-02 8.290319887e-02
 8.831999451e-02 9.396484488e-02 9.986408055e-02 1.060459390e-01 1.125392615e-01
 1.193725169e-01 1.265732646e-01 1.341677756e-01 1.421810240e-01 1.506364196e-01
 1.595554947e-01 1.689569950e-01 1.788550913e-01 1.892562061e-01 2.001530975e-01
 2.115149200e-01 2.232701332e-01 2.352785915e-01 2.472905219e-01 2.589046060e-01
 2.695879936e-01 2.788120509e-01 2.861796320e-01 2.914533317e-01 2.945597172e-01
 2.956183553e-01 2.949640751e-01 2.930635511e-01 2.903570533e-01 2.871828974e-01
 6.904749636e-03-1.589456719e-03-1.531300222e-03 9.494651458e-04 2.825724689e-03
 4.293257356e-03 5.509539973e-03 6.594054401e-03 7.628157269e-03 8.662979089e-03
 9.728994206e-03 1.084430984e-02 1.202081048e-02 1.326821369e-02 1.459643902e-02
 1.601673284e-02 1.754199341e-02 1.918658611e-02 2.096586305e-02 2.289544977e-02
 2.499030897e-02 2.726407541e-02 2.972862870e-02 3.239388391e-02 3.526771811e-02
 3.835619616e-02 4.166413841e-02 4.519550881e-02 4.895379022e-02 5.294241753e-02
 5.716544756e-02 6.162835288e-02 6.633875525e-02 7.130704081e-02 7.654669881e-02
 8.207440379e-02 8.790986237e-02 9.407546374e-02 1.005958318e-01 1.074974611e-01
 1.148084626e-01 1.225585341e-01 1.307791472e-01 1.395039708e-01 1.487693787e-01
 1.586152018e-01 1.690854430e-01 1.802288145e-01 1.920989603e-01 2.047532201e-01
 2.182487547e-01 2.326316088e-01 2.479086369e-01 2.639798522e-01 2.804430724e-01
 2.956621349e-01 3.082360328e-01 3.177101613e-01 3.237812519e-01 3.262319565e-01
 3.249706030e-01 3.207636476e-01 3.154301643e-01 3.097037674e-01 3.039709031e-01
 1.261969938e-02 4.600611079e-03 4.981542937e-03 7.900817320e-03 1.014668122e-02
 1.184077564e-02 1.310916807e-02 1.406793579e-02 1.481461711e-02 1.542637681e-02
 1.596214439e-02 1.646640341e-02 1.697319190e-02 1.750960579e-02 1.809854430e-02
 1.876077050e-02 1.951640850e-02 2.038605692e-02 2.139152394e-02 2.255585982e-02
 2.390090938e-02 2.544665334e-02 2.721092475e-02 2.920905134e-02 3.145340091e-02
 3.395336121e-02 3.671820095e-02 3.975720698e-02 4.307935020e-02 4.669315365e-02
 5.060701814e-02 5.483001843e-02 5.937247723e-02 6.424625966e-02 6.946504116e-02
 7.504457235e-02 8.100276446e-02 8.735983080e-02 9.413836154e-02 1.013634801e-01
 1.090630963e-01 1.172684281e-01 1.260147244e-01 1.353422850e-01 1.452980042e-01
 1.559374184e-01 1.673274339e-01 1.795502603e-01 1.927089095e-01 2.069351524e-01
 2.224019170e-01 2.393438220e-01 2.580952943e-01 2.791774869e-01 3.030104041e-01
 3.246057034e-01 3.416528702e-01 3.540406227e-01 3.615257145e-01 3.635138572e-01
 3.597887457e-01 3.496646583e-01 3.386389017e-01 3.286228180e-01 3.196662962e-01
 2.170924099e-02 1.415321141e-02 1.460963205e-02 1.752282862e-02 1.961358261e-02
 2.101280355e-02 2.187465319e-02 2.233588326e-02 2.250953953e-02 2.248555052e-02
 2.233409515e-02 2.210967802e-02 2.185498548e-02 2.160423441e-02 2.138591366e-02
 2.122506310e-02 2.114527492e-02 2.117088062e-02 2.133025596e-02 2.166248864e-02
 2.219853547e-02 2.296555231e-02 2.398837919e-02 2.528918913e-02 2.688465081e-02
 2.877728824e-02 3.098033927e-02 3.350953752e-02 3.637976194e-02 3.960346436e-02
 4.319043460e-02 4.715144265e-02 5.149835715e-02 5.624370649e-02 6.140066314e-02
 6.698362526e-02 7.300861177e-02 7.949353012e-02 8.645857128e-02 9.392666075e-02
 1.019240469e-01 1.104810610e-01 1.196332053e-01 1.294225753e-01 1.398998797e-01
 1.511271447e-01 1.631816626e-01 1.761614829e-01 1.901935041e-01 2.054455579e-01
 2.221452445e-01 2.406095713e-01 2.612926065e-01 2.848522962e-01 3.121791185e-01
 3.401206433e-01 3.619270920e-01 3.774687051e-01 3.868539035e-01 3.899846076e-01
 3.860058486e-01 3.744663895e-01 3.575772941e-01 3.433311880e-01 3.314464093e-01
 3.440024707e-02 2.725254928e-02 2.802799085e-02 3.042372686e-02 3.168579190e-02
 3.215783089e-02 3.207773340e-02 3.161203489e-02 3.087853451e-02 2.996286371e-02
 2.892897089e-02 2.782579878e-02 2.669173473e-02 2.555771550e-02 2.444944900e-02
 2.338900793e-02 2.239574125e-02 2.148626183e-02 2.067238092e-02 2.007607179e-02
 1.972156018e-02 1.963769275e-02 1.985732652e-02 2.041924751e-02 2.137435789e-02
 2.263017563e-02 2.423340461e-02 2.621815357e-02 2.861063930e-02 3.142789003e-02
 3.466810292e-02 3.834341836e-02 4.246876386e-02 4.705747584e-02 5.212017515e-02
 5.766870076e-02 6.371624023e-02 7.027724379e-02 7.736805829e-02 8.500755584e-02
 9.321780509e-02 1.020248309e-01 1.114597098e-01 1.215598136e-01 1.323706656e-01
 1.439483017e-01 1.563625335e-01 1.697013527e-01 1.840770692e-01 1.996345520e-01
 2.165625393e-01 2.351081372e-01 2.555937767e-01 2.784332931e-01 3.041425944e-01
 3.331749142e-01 3.579617143e-01 3.759294153e-01 3.872999549e-01 3.921460212e-01
 3.906438649e-01 3.819225430e-01 3.658314943e-01 3.493225873e-01 3.361652493e-01
 5.374128374e-02 4.787409681e-02 4.717557132e-02 4.732365158e-02 4.648938400e-02
 4.516684639e-02 4.354804383e-02 4.173326126e-02 3.978571662e-02 3.775026277e-02
 3.566114599e-02 3.354580703e-02 3.142699230e-02 2.932413114e-02 2.725433552e-02
 2.523322401e-02 2.327584289e-02 2.139813645e-02 1.962024157e-02 1.807240394e-02
 1.678383534e-02 1.578660303e-02 1.511398799e-02 1.479870453e-02 1.486945344e-02
 1.534225888e-02 1.624596486e-02 1.761562569e-02 1.949283478e-02 2.193252373e-02
 2.480501868e-02 2.816382051e-02 3.204254431e-02 3.645911068e-02 4.140767831e-02
 4.689714318e-02 5.293827879e-02 5.953990668e-02 6.671255076e-02 7.446882129e-02
 8.282401413e-02 9.179656202e-02 1.014087349e-01 1.116874069e-01 1.226650848e-01
 1.343811899e-01 1.468835623e-01 1.602302491e-01 1.744914800e-01 1.897515803e-01
 2.061102688e-01 2.236827314e-01 2.425969988e-01 2.629890441e-01 2.850024104e-01
 3.088405431e-01 3.331403434e-01 3.508430421e-01 3.627987802e-01 3.694564402e-01
 3.706169724e-01 3.667176366e-01 3.570344149e-01 3.429333269e-01 3.317006230e-01
 7.954242824e-02 7.672430573e-02 7.153252514e-02 6.666592507e-02 6.264043601e-02
 5.898126218e-02 5.550386387e-02 5.212641138e-02 4.881009829e-02 4.553677893e-02
 4.229916629e-02 3.909601638e-02 3.592958295e-02 3.280415016e-02 2.972513068e-02
 2.669838263e-02 2.372941928e-02 2.082203707e-02 1.808791791e-02 1.557421690e-02
 1.332325203e-02 1.137524380e-02 9.769125842e-03 8.542421303e-03 7.730706653e-03
 7.367408805e-03 7.486354123e-03 8.121289342e-03 9.304041916e-03 1.106039528e-02
 1.339968850e-02 1.634865062e-02 1.994367133e-02 2.423466183e-02 2.906282622e-02
 3.448006132e-02 4.050836715e-02 4.713799429e-02 5.437242988e-02 6.221611422e-02
 7.067596167e-02 7.976078239e-02 8.948140588e-02 9.985084087e-02 1.108844057e-01
 1.225998029e-01 1.350168586e-01 1.481569260e-01 1.620413213e-01 1.766883730e-01
 1.921078563e-01 2.082912475e-01 2.251942754e-01 2.427054346e-01 2.605839372e-01
 2.783247232e-01 2.949210107e-01 3.090521991e-01 3.199258149e-01 3.272875845e-01
 3.311229646e-01 3.315913081e-01 3.291246594e-01 3.246717453e-01 3.195693791e-01
 9.873977306e-02 9.690202770e-02 9.041883799e-02 8.348644526e-02 7.740940899e-02
 7.192200424e-02 6.683481490e-02 6.202179188e-02 5.740121377e-02 5.292029306e-02
 4.854498807e-02 4.425355417e-02 4.003248358e-02 3.587389359e-02 3.177382055e-02
 2.773103307e-02 2.374621297e-02 1.982141097e-02 1.607973874e-02 1.256474949e-02
 9.320626064e-03 6.391483388e-03 3.820976766e-03 1.651972532e-03-7.376779104e-05
-1.315769739e-03-2.034837904e-03-2.193465130e-03-1.756639394e-03-6.928338553e-04
 1.025568199e-03 3.425250528e-03 6.530467013e-03 1.035855993e-02 1.490912397e-02
 2.020403187e-02 2.628139593e-02 3.295309099e-02 4.025945818e-02 4.819148401e-02
 5.674994734e-02 6.593353298e-02 7.574124634e-02 8.617173886e-02 9.722293908e-02
 1.088913679e-01 1.211708636e-01 1.340506673e-01 1.475124657e-01 1.615257114e-01
 1.760408133e-01 1.909788252e-01 2.062167227e-01 2.215669155e-01 2.367523312e-01
 2.513868808e-01 2.649897634e-01 2.770647407e-01 2.872123718e-01 2.951962352e-01
 3.009519577e-01 3.045808077e-01 3.063465953e-01 3.066509961e-01 3.059507907e-01
 1.123559251e-01 1.108293757e-01 1.043676063e-01 9.672660384e-02 8.964369447e-02
 8.303143829e-02 7.679302248e-02 7.084414366e-02 6.511729216e-02 5.956082421e-02
 5.413632464e-02 4.881573841e-02 4.357897866e-02 3.841209781e-02 3.330592439e-02
 2.825512917e-02 2.325750882e-02 1.831309873e-02 1.355222147e-02 9.020943166e-03
 4.766532657e-03 8.369685092e-04-2.719590906e-03-5.855296244e-03-8.523042314e-03
-1.067685892e-02-1.227228722e-02-1.326682145e-02-1.362041946e-02-1.329600063e-02
-1.225978602e-02-1.048142830e-02-7.934686699e-03-4.598473199e-03-4.573914339e-04
 4.501152260e-03 1.028367598e-02 1.688128343e-02 2.431824798e-02 3.236159688e-02
 4.104817659e-02 5.035801971e-02 6.028062475e-02 7.080131763e-02 8.190312982e-02
 9.356530759e-02 1.057619825e-01 1.184600815e-01 1.316165925e-01 1.451747715e-01
 1.590592117e-01 1.731698066e-01 1.873748302e-01 2.015044838e-01 2.153476626e-01
 2.286561131e-01 2.411608547e-01 2.526011765e-01 2.627584338e-01 2.714839279e-01
 2.787139714e-01 2.844730615e-01 2.888659537e-01 2.920579315e-01 2.942445874e-01
 1.231801510e-01 1.218412593e-01 1.151845082e-01 1.071821228e-01 9.954082222e-02
 9.222272038e-02 8.518166840e-02 7.837053391e-02 7.174601403e-02 6.527081874e-02
 5.891407657e-02 5.265095836e-02 4.646197706e-02 4.033226892e-02 3.425111252e-02
 2.821185259e-02 2.221262635e-02 1.625899598e-02 1.048521791e-02 4.939015082e-03
-3.288091975e-04-5.265928834e-03-9.819430241e-03-1.393646744e-02-1.756480336e-02
-2.065328319e-02-2.315230854e-02-2.501430921e-02-2.619422786e-02-2.665001154e-02
-2.634308863e-02-2.523885295e-02-2.330723027e-02-2.052328544e-02-1.686775492e-02
-1.232741674e-02-6.896184263e-03-5.763548252e-04 6.622183544e-03 1.467165534e-02
 2.358198172e-02 3.307849917e-02 4.318968576e-02 5.388061333e-02 6.512446707e-02
 7.688772678e-02 8.913157874e-02 1.018099635e-01 1.148678512e-01 1.282390505e-01
 1.418434828e-01 1.555845142e-01 1.693465710e-01 1.829941421e-01 1.963733136e-01
 2.093167155e-01 2.216527313e-01 2.332179546e-01 2.438707054e-01 2.535027862e-01
 2.620471418e-01 2.694802285e-01 2.758190036e-01 2.811132967e-01 2.854349018e-01
 1.318300068e-01 1.305795163e-01 1.237590313e-01 1.155382842e-01 1.075420007e-01
 9.974205492e-02 9.211346507e-02 8.463124189e-02 7.727141675e-02 7.001160833e-02
 6.283146146e-02 5.571291974e-02 4.864029962e-02 4.160012311e-02 3.458084917e-02
 2.757219787e-02 2.056390798e-02 1.364891606e-02 6.889126729e-03 3.437729902e-04
-5.928548111e-03-1.186929364e-02-1.741999760e-02-2.252253893e-02-2.711952111e-02
-3.115470527e-02-3.457347298e-02-3.732329985e-02-3.935427585e-02-4.061960796e-02
-4.107616472e-02-4.068503159e-02-3.941210365e-02-3.722871837e-02-3.411228585e-02
-3.004697518e-02-2.502452955e-02-1.904508661e-02-1.211794466e-02-4.262669943e-03
 4.491990927e-03 1.409644727e-02 2.454109676e-02 3.551607582e-02 4.703722152e-02
 5.905299258e-02 7.151830196e-02 8.437994868e-02 9.757854784e-02 1.110477075e-01
 1.247126386e-01 1.384887993e-01 1.522811502e-01 1.659843027e-01 1.794840694e-01
 1.926604063e-01 2.053917796e-01 2.175605446e-01 2.290583550e-01 2.397909165e-01
 2.496811896e-01 2.586707770e-01 2.667196989e-01 2.738052011e-01 2.799199820e-01
 1.385267526e-01 1.372414827e-01 1.305914670e-01 1.222821995e-01 1.140624880e-01
 1.059109047e-01 9.781879188e-02 8.978167924e-02 8.179331571e-02 7.384499910e-02
 6.592639539e-02 5.802646658e-02 5.013418192e-02 4.223899177e-02 3.433100879e-02
 2.640105406e-02 1.844060238e-02 1.056277199e-02 2.827710472e-03-4.702792939e-03
-1.196603102e-02-1.889880557e-02-2.543780950e-02-3.152002767e-02-3.708316389e-02
-4.206609726e-02-4.640936485e-02-5.005566028e-02-5.295035988e-02-5.504205456e-02
-5.628313124e-02-5.663034326e-02-5.604544660e-02-5.449583379e-02-5.195521563e-02
-4.840433600e-02-4.383172834e-02-3.823447973e-02-3.161903098e-02-2.400198398e-02
-1.541082276e-02-5.885093880e-03 4.524868476e-03 1.574532504e-02 2.774241380e-02
 4.018365958e-02 5.306924877e-02 6.633213162e-02 7.991119471e-02 9.374501553e-02
 1.077688783e-01 1.219132021e-01 1.361029744e-01 1.502577066e-01 1.642921864e-01
 1.781174093e-01 1.916421353e-01 2.047741712e-01 2.174214869e-01 2.294926495e-01
 2.408966720e-01 2.515426874e-01 2.613402307e-01 2.702012658e-01 2.780449986e-01
 1.439726948e-01 1.424712837e-01 1.360149980e-01 1.279054731e-01 1.195522174e-01
 1.110854000e-01 1.025666371e-01 9.402158856e-02 8.545951542e-02 7.688121501e-02
 6.828285007e-02 5.965800211e-02 5.099897092e-02 4.229759049e-02 3.354577717e-02
 2.473584560e-02 1.586029684e-02 7.048779662e-03-1.635058259e-03-1.012582329e-02
-1.835680570e-02-2.626049513e-02-3.376906735e-02-4.081490260e-02-4.733103517e-02
-5.325169110e-02-5.851275843e-02-6.305231154e-02-6.681117418e-02-6.973342597e-02
-7.176702470e-02-7.286439097e-02-7.298302648e-02-7.208617037e-02-7.014348358e-02
-6.713175031e-02-6.303559986e-02-5.784822252e-02-5.157217756e-02-4.422007868e-02
-3.581536192e-02-2.639304282e-02-1.600035277e-02-4.697942612e-03 7.441469061e-03
 2.031970961e-02 3.387350219e-02 4.776138437e-02 6.194295356e-02 7.637264582e-02
 9.100122747e-02 1.057763621e-01 1.206428557e-01 1.355427951e-01 1.504156440e-01
 1.651982219e-01 1.798241287e-01 1.942226291e-01 2.083164156e-01 2.220180779e-01
 2.352253347e-01 2.478155494e-01 2.596419155e-01 2.705346048e-01 2.803115845e-01
 1.506003440e-01 1.493338197e-01 1.421685517e-01 1.333563178e-01 1.245079786e-01
 1.155809462e-01 1.065844968e-01 9.752696755e-02 8.841142058e-02 7.923674586e-02
 6.999894975e-02 6.069213152e-02 5.130922048e-02 4.184271401e-02 3.228546679e-02
 2.263212763e-02 1.288206590e-02 3.176700498e-03-6.418359029e-03-1.583417316e-02
-2.499989793e-02-3.384366256e-02-4.229320583e-02-5.027642471e-02-5.772189045e-02
-6.455935535e-02-7.072025543e-02-7.613825798e-02-8.074977243e-02-8.449452367e-02
-8.731613308e-02-8.916271484e-02-8.998748666e-02-8.974943316e-02-8.841394636e-02
-8.595353359e-02-8.234848082e-02-7.758757478e-02-7.166878873e-02-6.459993118e-02
-5.639933428e-02-4.709637910e-02-3.673197335e-02-2.535885575e-02-1.304144511e-02
 1.444743830e-04 1.411621179e-02 2.877813583e-02 4.372758049e-02 5.892945823e-02
 7.434801018e-02 8.994717890e-02 1.056909040e-01 1.215432584e-01 1.374684274e-01
 1.534301936e-01 1.693906634e-01 1.853078752e-01 2.011314928e-01 2.167955488e-01
 2.322073579e-01 2.472308725e-01 2.616648972e-01 2.752225101e-01 2.875353098e-01
 1.563014239e-01 1.551300436e-01 1.476651430e-01 1.382650286e-01 1.288725138e-01
 1.194470376e-01 1.099609583e-01 1.003990769e-01 9.075167029e-02 8.101092278e-02
 7.116921988e-02 6.121854481e-02 5.115013945e-02 4.095431420e-02 3.062010923e-02
 2.013435960e-02 9.580176382e-03-9.643607482e-04-1.142315759e-02-2.172025110e-02
-3.177929300e-02-4.152358320e-02-5.087635299e-02-5.976114047e-02-6.810224053e-02
-7.582516226e-02-8.285714683e-02-8.912765241e-02-9.456890816e-02-9.911647439e-02
-1.027097926e-01-1.052927747e-01-1.068144441e-01-1.072295308e-01-1.064991504e-01
-1.045914218e-01-1.014821604e-01-9.715551886e-02-9.160465741e-02-8.483235544e-02
-7.685157651e-02-6.768601382e-02-5.737044290e-02-4.595103490e-02-3.348543873e-02
-2.004268765e-02-5.702983151e-03 9.441643982e-03 2.528704895e-02 4.139000183e-02
 5.772692335e-02 7.427694651e-02 9.102244681e-02 1.079495474e-01 1.250485033e-01
 1.423138828e-01 1.597440243e-01 1.773397177e-01 1.951008290e-01 2.130199969e-01
 2.310703993e-01 2.491826266e-01 2.671988010e-01 2.847674191e-01 3.011035323e-01
 1.609848440e-01 1.598351151e-01 1.518962085e-01 1.421980262e-01 1.324514896e-01
 1.226301416e-01 1.127164215e-01 1.026958525e-01 9.255670008e-02 8.228890598e-02
 7.188310476e-02 6.132993844e-02 5.061953141e-02 3.974124043e-02 2.868341471e-02
 1.743334340e-02 6.096924713e-03-5.249885318e-03-1.652914286e-02-2.766163091e-02
-3.856727481e-02-4.916550216e-02-5.937564373e-02-6.911733001e-02-7.831096649e-02
-8.687815067e-02-9.474224600e-02-1.018288060e-01-1.080661640e-01-1.133859455e-01
-1.177236512e-01-1.210192293e-01-1.232176721e-01-1.242696270e-01-1.241320372e-01
-1.227687746e-01-1.201512516e-01-1.162591205e-01-1.110808253e-01-1.046142652e-01
-9.686730063e-02-8.785829690e-02-7.761652020e-02-6.618249411e-02-5.360818276e-02
-3.995716205e-02-2.530463599e-02-9.737485030e-03 6.645905261e-03 2.373607454e-02
 4.106689617e-02 5.863101414e-02 7.642748213e-02 9.446300563e-02 1.127533391e-01
 1.313249767e-01 1.502169072e-01 1.694825292e-01 1.891915798e-01 2.094319314e-01
 2.303110808e-01 2.519562840e-01 2.745103538e-01 2.980895638e-01 3.216271103e-01
 1.642654538e-01 1.630354225e-01 1.552162319e-01 1.453327388e-01 1.353274435e-01
 1.251923591e-01 1.149169430e-01 1.044914350e-01 9.390697628e-02 8.315516266e-02
 7.222743332e-02 6.111469492e-02 4.980699347e-02 3.829335052e-02 2.656163654e-02
 1.459844693e-02 2.527784556e-03-9.571906179e-03-2.162017857e-02-3.353502235e-02
-4.523330185e-02-5.663121113e-02-6.764473018e-02-7.819006586e-02-8.818414056e-02
-9.754507238e-02-1.061926782e-01-1.140489727e-01-1.210387274e-01-1.270899623e-01
-1.321345269e-01-1.361086964e-01-1.389537305e-01-1.406164766e-01-1.410499662e-01
-1.402140856e-01-1.380761862e-01-1.346116662e-01-1.298046411e-01-1.236485392e-01
-1.161465942e-01-1.073124334e-01-9.717049456e-02-8.575642106e-02-7.311731571e-02
-5.931194130e-02-4.441078007e-02-2.849593011e-02-1.166083291e-02 5.990305013e-03
 2.434339005e-02 4.292728385e-02 6.175370887e-02 8.084515481e-02 1.002374590e-01
 1.199831441e-01 1.401554793e-01 1.608539224e-01 1.822117865e-01 2.044072300e-01
 2.276799083e-01 2.523581386e-01 2.789090276e-01 3.080472350e-01 3.384094536e-01
 1.670783162e-01 1.657762826e-01 1.578991115e-01 1.478710473e-01 1.376628577e-01
 1.272672266e-01 1.166769415e-01 1.058880165e-01 9.489699455e-02 8.369935307e-02
 7.228898260e-02 6.065800787e-02 4.879696292e-02 3.669494389e-02 2.433967963e-02
 1.171723570e-02-1.031315303e-03-1.382557585e-02-2.658295998e-02-3.921905530e-02
-5.164809150e-02-6.378347421e-02-7.553824043e-02-8.682561660e-02-9.755945948e-02
-1.076547876e-01-1.170282812e-01-1.255987882e-01-1.332878768e-01-1.400203407e-01
-1.457247586e-01-1.503340750e-01-1.537861675e-01-1.560244411e-01-1.569984406e-01
-1.566644460e-01-1.549861432e-01-1.519351751e-01-1.474918126e-01-1.416455507e-01
-1.343956441e-01-1.257517039e-01-1.157341376e-01-1.043745428e-01-9.171611822e-02
-7.781379676e-02-6.273440275e-02-4.655655471e-02-2.937038610e-02-1.127704693e-02
 7.612169691e-03 2.717709352e-02 4.695795476e-02 6.698454919e-02 8.730202171e-02
 1.079756319e-01 1.290952861e-01 1.507820040e-01 1.731975377e-01 1.965582669e-01
 2.211547792e-01 2.473780960e-01 2.757492960e-01 3.069379330e-01 3.402260542e-01
 1.698095948e-01 1.684835404e-01 1.601053774e-01 1.500017941e-01 1.396480650e-01
 1.290214956e-01 1.181348041e-01 1.070005745e-01 9.562531856e-02 8.400975165e-02
 7.215002921e-02 6.003890932e-02 4.766668749e-02 3.502214703e-02 2.209397595e-02
 8.873583691e-03-4.487602011e-03-1.790938707e-02-3.130771217e-02-4.459604988e-02
-5.768624318e-02-7.048917562e-02-8.291531360e-02-9.487523136e-02-1.062801107e-01
-1.170422732e-01-1.270756573e-01-1.362963319e-01-1.446230710e-01-1.519778073e-01
-1.582862884e-01-1.634785086e-01-1.674893796e-01-1.702593267e-01-1.717348099e-01
-1.718690098e-01-1.706224084e-01-1.679634750e-01-1.638692021e-01-1.583258063e-01
-1.513293087e-01-1.428860426e-01-1.330132335e-01-1.217394769e-01-1.091050506e-01
-9.516226497e-02-7.997559759e-02-6.362174457e-02-4.618946457e-02-2.777927188e-02
-8.502894023e-03 1.151748939e-02 3.215040269e-02 5.295810105e-02 7.397935537e-02
 9.527770428e-02 1.169388145e-01 1.390741617e-01 1.618284136e-01 1.853907258e-01
 2.100116312e-01 2.360286564e-01 2.639071345e-01 2.942996919e-01 3.267235160e-01
 1.710199863e-01 1.692626178e-01 1.619864553e-01 1.521197707e-01 1.415760964e-01
 1.306496709e-01 1.194230318e-01 1.079268902e-01 9.617166969e-02 8.415761593e-02
 7.187888771e-02 5.932546037e-02 4.648401214e-02 3.333812207e-02 1.986764741e-02
 6.141205318e-03-7.752373349e-03-2.172524849e-02-3.568886220e-02-4.955350602e-02
-6.322840607e-02-7.662206137e-02-8.964261410e-02-1.021983697e-01-1.141982079e-01
-1.255521328e-01-1.361717582e-01-1.459707766e-01-1.548655778e-01-1.627756805e-01
-1.696243584e-01-1.753391474e-01-1.798524261e-01-1.831020563e-01-1.850319355e-01
-1.855926067e-01-1.847419441e-01-1.824457645e-01-1.786784381e-01-1.734236032e-01
-1.666746884e-01-1.584356576e-01-1.487214119e-01-1.375584453e-01-1.249852255e-01
-1.110525504e-01-9.582384676e-02-7.937524471e-02-6.179560715e-02-4.318640375e-02
-2.366157057e-02-3.347639489e-03 1.761507062e-02 3.906809540e-02 6.057303399e-02
 8.220250162e-02 1.040267273e-01 1.261237413e-01 1.485848129e-01 1.715182960e-01
 1.950534731e-01 2.193462252e-01 2.445929199e-01 2.710920870e-01 2.988356948e-01
 1.759377718e-01 1.748239696e-01 1.659977287e-01 1.548626870e-01 1.436370760e-01
 1.322169602e-01 1.205730438e-01 1.086928025e-01 9.656565636e-02 8.417979626e-02
 7.152155039e-02 5.857530978e-02 4.532352087e-02 3.174668175e-02 1.782336278e-02
 3.639009752e-03-1.072227681e-02-2.517337352e-02-3.962492201e-02-5.398584160e-02
-6.816375258e-02-8.206543321e-02-9.559727454e-02-1.086657271e-01-1.211778522e-01
-1.330417544e-01-1.441670954e-01-1.544656903e-01-1.638519019e-01-1.722432673e-01
-1.795610189e-01-1.857306361e-01-1.906824708e-01-1.943522543e-01-1.966817677e-01
-1.976194978e-01-1.971211880e-01-1.951505840e-01-1.916800588e-01-1.866912842e-01
-1.801758707e-01-1.721360832e-01-1.625853628e-01-1.515489965e-01-1.390645951e-01
-1.251824945e-01-1.099661515e-01-9.349226949e-02-7.585078484e-02-5.714456362e-02
-3.748855746e-02-1.700796376e-02 4.165744002e-03 2.590394582e-02 4.763054846e-02
 6.934104113e-02 9.105400744e-02 1.127952784e-01 1.345896572e-01 1.564527452e-01
 1.783782095e-01 2.003137470e-01 2.221106440e-01 2.434133142e-01 2.634761631e-01
 1.792891919e-01 1.783270091e-01 1.687572599e-01 1.570630521e-01 1.453277767e-01
 1.334745436e-01 1.214542388e-01 1.092315689e-01 9.677927193e-02 8.407405025e-02
 7.109421495e-02 5.781841651e-02 4.422486940e-02 3.029090911e-02 1.599271040e-02
 1.426130606e-03-1.332492387e-02-2.817327157e-02-4.302908856e-02-5.780049411e-02
-7.239409536e-02-8.671548220e-02-1.006697640e-01-1.141620353e-01-1.270979196e-01
-1.393840612e-01-1.509286612e-01-1.616419106e-01-1.714366823e-01-1.802288890e-01
-1.879381537e-01-1.944883615e-01-1.998081654e-01-2.038316876e-01-2.064990699e-01
-2.077571601e-01-2.075601221e-01-2.058701367e-01-2.026581168e-01-1.979043782e-01
-1.915993094e-01-1.837441325e-01-1.743515581e-01-1.634464115e-01-1.510662436e-01
-1.372618676e-01-1.220977902e-01-1.056526155e-01-8.801920715e-02-6.930485374e-02
-4.963134605e-02-2.913527557e-02-7.969328202e-03 1.369329356e-02 3.564538812e-02
 5.735839898e-02 7.885502282e-02 1.001369804e-01 1.211880744e-01 1.419691145e-01
 1.624069363e-01 1.823776514e-01 2.016847134e-01 2.200389206e-01 2.370617986e-01
 1.804039031e-01 1.793849319e-01 1.701487154e-01 1.582735181e-01 1.462962628e-01
 1.341915279e-01 1.219236478e-01 1.094592810e-01 9.676835689e-02 8.382359889e-02
 7.059952617e-02 5.707152939e-02 4.321510342e-02 2.900529091e-02 1.441625599e-02
-4.473980807e-04-1.550156067e-02-3.065875918e-02-4.582874471e-02-6.091906870e-02
-7.583563033e-02-9.048321098e-02-1.047660112e-01-1.185881793e-01-1.318542957e-01
-1.444699317e-01-1.563421636e-01-1.673800797e-01-1.774953008e-01-1.866026074e-01
-1.946203858e-01-2.014712691e-01-2.070827186e-01-2.113875896e-01-2.143248319e-01
-2.158400566e-01-2.158863098e-01-2.144246847e-01-2.114250808e-01-2.068669349e-01
-2.007399202e-01-1.930447668e-01-1.837939173e-01-1.730122715e-01-1.607378721e-01
-1.470225453e-01-1.319324225e-01-1.155484393e-01-9.796671572e-02-7.929876441e-02
-5.967150262e-02-3.922694176e-02-1.812108606e-02 3.479173203e-03 2.540459301e-02
 4.701592770e-02 6.826516244e-02 8.911696073e-02 1.095298305e-01 1.294454634e-01
 1.487808675e-01 1.674217880e-01 1.852188110e-01 2.019892335e-01 2.175287157e-01
 1.809567510e-01 1.799260825e-01 1.705391556e-01 1.585861891e-01 1.465218663e-01
 1.343151629e-01 1.219326109e-01 1.093424484e-01 9.651558101e-02 8.342511952e-02
 7.004552337e-02 5.635180327e-02 4.231882098e-02 2.792079939e-02 1.313094242e-02
-1.938574685e-03-1.720330122e-02-3.257543599e-02-4.796437550e-02-6.327726695e-02
-7.841955128e-02-9.329550713e-02-1.078087464e-01-1.218627989e-01-1.353615672e-01
-1.482099146e-01-1.603141575e-01-1.715825945e-01-1.819260717e-01-1.912584901e-01
-1.994974166e-01-2.065646202e-01-2.123866678e-01-2.168956101e-01-2.200294882e-01
-2.217331528e-01-2.219588309e-01-2.206669301e-01-2.178267241e-01-2.134171278e-01
-2.074274719e-01-1.998582929e-01-1.907221079e-01-1.800442040e-01-1.678633391e-01
-1.542325020e-01-1.392195672e-01-1.229078323e-01-1.053965985e-01-8.680157358e-02
-6.725522882e-02-4.690726096e-02-2.592526007e-02-4.496384441e-03 1.716811402e-02
 3.882016990e-02 5.991720408e-02 8.045354486e-02 1.003998966e-01 1.197069884e-01
 1.383064538e-01 1.561114340e-01 1.730185449e-01 1.889126748e-01 2.036751807e-01
 1.806205958e-01 1.795632542e-01 1.699663549e-01 1.580547541e-01 1.460473091e-01
 1.338790059e-01 1.215081736e-01 1.089042425e-01 9.604234248e-02 8.289983129e-02
 6.945441669e-02 5.568324029e-02 4.156239697e-02 2.706665732e-02 1.216926423e-02
-3.011402965e-03-1.839054193e-02-3.388009215e-02-4.938925055e-02-6.482496861e-02
-8.009248978e-02-9.509584311e-02-1.097383872e-01-1.239233390e-01-1.375542730e-01
-1.505356580e-01-1.627734006e-01-1.741753667e-01-1.846519113e-01-1.941164732e-01
-2.024860830e-01-2.096820026e-01-2.156302631e-01-2.202623636e-01-2.235158682e-01
-2.253350913e-01-2.256718428e-01-2.244860829e-01-2.217467428e-01-2.174324841e-01
-2.115325182e-01-2.040473819e-01-1.949898004e-01-1.843854785e-01-1.722738743e-01
-1.587090343e-01-1.437601745e-01-1.275124847e-01-1.100675539e-01-9.154387569e-02
-7.207717004e-02-5.182053149e-02-3.094434558e-02-9.635916911e-03 1.190180512e-02
 3.345375505e-02 5.438377705e-02 7.467356318e-02 9.429266301e-02 1.131979152e-01
 1.313340664e-01 1.486353428e-01 1.650281102e-01 1.804350764e-01 1.947806329e-01
 1.785461158e-01 1.772950738e-01 1.682420968e-01 1.566930413e-01 1.449684948e-01
 1.329913587e-01 1.207431555e-01 1.082167402e-01 9.540315715e-02 8.228965101e-02
 6.885997957e-02 5.509490520e-02 4.097263137e-02 2.646907984e-02 1.155805492e-02
-3.637779766e-03-1.903350835e-02-3.454107790e-02-5.006975308e-02-6.552658230e-02
-8.081690223e-02-9.584480526e-02-1.105137169e-01-1.247268542e-01-1.383877695e-01
-1.514008791e-01-1.636720001e-01-1.751088798e-01-1.856217236e-01-1.951237768e-01
-2.035319060e-01-2.107671202e-01-2.167552560e-01-2.214275748e-01-2.247214020e-01
-2.265808434e-01-2.269574851e-01-2.258111089e-01-2.231105268e-01-2.188342959e-01
-2.129716128e-01-2.055231034e-01-1.965016722e-01-1.859333515e-01-1.738580763e-01
-1.603305340e-01-1.454208643e-01-1.292153447e-01-1.118168906e-01-9.334556008e-02
-7.393871996e-02-5.375107375e-02-3.295419732e-02-1.173554367e-02 9.703465679e-03
 3.115059057e-02 5.194224411e-02 7.205746320e-02 9.146634489e-02 1.101297215e-01
 1.279999614e-01 1.450226754e-01 1.611393392e-01 1.762906313e-01 1.904205084e-01
 1.751175523e-01 1.732145995e-01 1.655385047e-01 1.549953521e-01 1.436622142e-01
 1.318977476e-01 1.197937430e-01 1.073804647e-01 9.466442469e-02 8.164019135e-02
 6.829525533e-02 5.461239821e-02 4.057092595e-02 2.614735442e-02 1.131579370e-02
-3.799304395e-03-1.911345313e-02-3.453906995e-02-4.998589680e-02-6.536144020e-02
-8.057147263e-02-9.552051126e-02-1.101123318e-01-1.242504939e-01-1.378388405e-01
-1.507820486e-01-1.629861445e-01-1.743590832e-01-1.848112046e-01-1.942559033e-01
-2.026101201e-01-2.097949684e-01-2.157363296e-01-2.203655242e-01-2.236198783e-01
-2.254435420e-01-2.257880866e-01-2.246133237e-01-2.218880802e-01-2.175909579e-01
-2.117111683e-01-2.042494118e-01-1.952186674e-01-1.846450716e-01-1.725687682e-01
-1.590446234e-01-1.441430598e-01-1.279506386e-01-1.105707214e-01-9.212385857e-02
-7.274810973e-02-5.259915820e-02-3.185010707e-02-1.069088563e-02 1.067332085e-02
 3.202622017e-02 5.271700028e-02 7.272721830e-02 9.202841669e-02 1.105825007e-01
 1.283431798e-01 1.452580839e-01 1.612715125e-01 1.763277352e-01 1.903746427e-01
 1.756322980e-01 1.742995233e-01 1.653517335e-01 1.540504246e-01 1.425509304e-01
 1.307910085e-01 1.187589691e-01 1.064508706e-01 9.385947138e-02 8.097284293e-02
 6.777503347e-02 5.424683538e-02 4.036635534e-02 2.610943094e-02 1.144982222e-02
-3.489019844e-03-1.862373206e-02-3.386774656e-02-4.913173614e-02-6.432407348e-02
-7.935131341e-02-9.411872925e-02-1.085307822e-01-1.224916652e-01-1.359058470e-01
-1.486785561e-01-1.607163548e-01-1.719276458e-01-1.822232752e-01-1.915170252e-01
-1.997262388e-01-2.067724019e-01-2.125817090e-01-2.170857638e-01-2.202222347e-01
-2.219354510e-01-2.221772671e-01-2.209076584e-01-2.180956006e-01-2.137198001e-01
-2.077695578e-01-2.002455890e-01-1.911608278e-01-1.805413217e-01-1.684269757e-01
-1.548724025e-01-1.399475932e-01-1.237386168e-01-1.063481420e-01-8.789595967e-02
-6.851933894e-02-4.837339371e-02-2.763163118e-02-6.487464940e-03 1.484147552e-02
 3.610058504e-02 5.671916902e-02 7.668891552e-02 9.598135206e-02 1.145541147e-01
 1.323544681e-01 1.493221373e-01 1.653924287e-01 1.804998965e-01 1.945826263e-01
 1.745273172e-01 1.732696294e-01 1.642976850e-01 1.528390646e-01 1.412512213e-01
 1.294995845e-01 1.175506189e-01 1.053777561e-01 9.295772010e-02 8.026819676e-02
 6.728658822e-02 5.398954454e-02 4.035263506e-02 2.635025980e-02 1.195549035e-02
-2.711787325e-03-1.756988093e-02-3.253369406e-02-4.751520228e-02-6.242398174e-02
-7.716770472e-02-9.165269138e-02-1.057843789e-01-1.194679215e-01-1.326086670e-01
-1.451127082e-01-1.568874270e-01-1.678420156e-01-1.778880507e-01-1.869400442e-01
-1.949160248e-01-2.017381043e-01-2.073331028e-01-2.116332054e-01-2.145766019e-01
-2.161081433e-01-2.161800712e-01-2.147527635e-01-2.117955089e-01-2.072872370e-01
-2.012173682e-01-1.935866176e-01-1.844077855e-01-1.737066060e-01-1.615224629e-01
-1.479092241e-01-1.329358518e-01-1.166870296e-01-9.926366055e-02-8.078317347e-02
-6.137964877e-02-4.120347643e-02-2.042011544e-02 7.933792076e-04 2.225789981e-02
 4.329281294e-02 6.383273745e-02 8.382767439e-02 1.032263190e-01 1.219694242e-01
 1.399875582e-01 1.572013498e-01 1.735237688e-01 1.888641714e-01 2.031342238e-01
 1.728771328e-01 1.717000455e-01 1.623177677e-01 1.508909911e-01 1.393899620e-01
 1.277730613e-01 1.160060763e-01 1.040554866e-01 9.188990296e-02 7.948005202e-02
 6.679825485e-02 5.381775278e-02 4.051209989e-02 2.685468271e-02 1.281831975e-02
-1.482618260e-03-1.596832089e-02-3.055536000e-02-4.515723883e-02-5.968495089e-02
-7.404752077e-02-8.815255015e-02-1.019067392e-01-1.152164414e-01-1.279881745e-01
-1.401291937e-01-1.515479833e-01-1.621548086e-01-1.718623042e-01-1.805859804e-01
-1.882448643e-01-1.947620064e-01-2.000651360e-01-2.040873319e-01-2.067675442e-01
-2.080514134e-01-2.078918666e-01-2.062499076e-01-2.030952871e-01-1.984073519e-01
-1.921757608e-01-1.844012737e-01-1.750965268e-01-1.642868518e-01-1.520109326e-01
-1.383215636e-01-1.232862399e-01-1.069877222e-01-8.952448523e-02-7.101108882e-02
-5.157850677e-02-3.137472642e-02-1.056631928e-02 1.065671444e-02 3.206667310e-02
 5.307876313e-02 7.368546730e-02 9.385474029e-02 1.135363058e-01 1.326621324e-01
 1.511452943e-01 1.688795239e-01 1.857406944e-01 2.015917748e-01 2.162920683e-01
 1.693972200e-01 1.681901813e-01 1.593073309e-01 1.480614394e-01 1.367900223e-01
 1.254524142e-01 1.140016914e-01 1.023947299e-01 9.059360623e-02 7.856498656e-02
 6.627892706e-02 5.370766300e-02 4.082461071e-02 2.760362063e-02 1.401840986e-02
 1.765026536e-04-1.384401138e-02-2.796131189e-02-4.209044577e-02-5.614392462e-02
-7.003226133e-02-8.366454396e-02-9.694894403e-02-1.097932830e-01-1.221055239e-01
-1.337943375e-01-1.447696090e-01-1.549430042e-01-1.642285138e-01-1.725429744e-01
-1.798067093e-01-1.859440356e-01-1.908839345e-01-1.945606321e-01-1.969142556e-01
-1.978914737e-01-1.974462568e-01-1.955404579e-01-1.921446324e-01-1.872387230e-01
-1.808128506e-01-1.728679985e-01-1.634167433e-01-1.524840593e-01-1.401078700e-01
-1.263397635e-01-1.112455353e-01-9.490558502e-02-7.741526508e-02-5.888488522e-02
-3.943930942e-02-1.921659143e-02 1.635592991e-03 2.296881744e-02 4.415220022e-02
 6.513894352e-02 8.589632803e-02 1.063873693e-01 1.265610307e-01 1.463446617e-01
 1.656366289e-01 1.842992604e-01 2.021544725e-01 2.189856619e-01 2.345512807e-01
 1.649938226e-01 1.637555808e-01 1.550499350e-01 1.441430301e-01 1.333049238e-01
 1.224409938e-01 1.114764213e-01 1.003577709e-01 8.904528618e-02 7.750718298e-02
 6.571615487e-02 5.364723505e-02 4.127653688e-02 2.858041973e-02 1.553498305e-02
 2.239894588e-03-1.122807621e-02-2.478845042e-02-3.835770859e-02-5.184987558e-02
-6.517707555e-02-7.825004307e-02-9.097865225e-02-1.032724306e-01-1.150410772e-01
-1.261949688e-01-1.366457194e-01-1.463066936e-01-1.550935507e-01-1.629248112e-01
-1.697224229e-01-1.754123270e-01-1.799250990e-01-1.831965149e-01-1.851681769e-01
-1.857882142e-01-1.850119382e-01-1.828024536e-01-1.791314781e-01-1.739798934e-01
-1.673385949e-01-1.592090577e-01-1.496041119e-01-1.385485381e-01-1.260796934e-01
-1.122480631e-01-9.711780405e-02-8.076711744e-02-6.328864390e-02-4.478983578e-02
-2.539339472e-02-5.238232727e-03 1.551824060e-02 3.669412067e-02 5.779608712e-02
 7.885050771e-02 9.986434883e-02 1.208297983e-01 1.417214721e-01 1.624883413e-01
 1.830404997e-01 2.032292933e-01 2.228217275e-01 2.414770274e-01 2.587504088e-01
 1.589760929e-01 1.575785131e-01 1.489599049e-01 1.388850957e-01 1.288799793e-01
 1.187644005e-01 1.084784717e-01 9.799175709e-02 8.728289601e-02 7.633350792e-02
 6.512602417e-02 5.364273489e-02 4.186526683e-02 2.977424485e-02 1.734912579e-02
 4.680170692e-03-8.156428143e-03-2.108103782e-02-3.401138264e-02-4.686305669e-02
-5.954994260e-02-7.198467848e-02-8.407909425e-02-9.574472159e-02-1.068932861e-01
-1.174372137e-01-1.272901446e-01-1.363674850e-01-1.445869357e-01-1.518690288e-01
-1.581377089e-01-1.633209586e-01-1.673512757e-01-1.701663882e-01-1.717098355e-01
-1.719315946e-01-1.707887351e-01-1.682461053e-01-1.642769575e-01-1.588636339e-01
-1.519981921e-01-1.436831057e-01-1.339318007e-01-1.227693111e-01-1.102327183e-01
-9.637167299e-02-8.124876025e-02-6.493980432e-02-4.753407097e-02-2.913436297e-02
-9.857092024e-03 1.016778219e-02 3.079691902e-02 5.156208205e-02 7.247333974e-02
 9.355417645e-02 1.148332060e-01 1.363399178e-01 1.581000537e-01 1.801280230e-01
 2.024127096e-01 2.248896362e-01 2.473821788e-01 2.694726587e-01 2.902885975e-01
 1.495334059e-01 1.472880990e-01 1.410006732e-01 1.327758729e-01 1.239438727e-01
 1.147343367e-01 1.052249446e-01 9.544566268e-02 8.540697393e-02 7.510956374e-02
 6.454836574e-02 5.371451004e-02 4.259621726e-02 3.117899780e-02 1.944501136e-02
 7.468416850e-03-4.670255323e-03-1.689120381e-02-2.911355533e-02-4.125487059e-02
-5.323124306e-02-6.495758893e-02-7.634808126e-02-8.731660989e-02-9.777725486e-02
-1.076448262e-01-1.168353557e-01-1.252666414e-01-1.328587532e-01-1.395346522e-01
-1.452206820e-01-1.498471796e-01-1.533490718e-01-1.556664407e-01-1.567451805e-01
-1.565375924e-01-1.550030410e-01-1.521085798e-01-1.478295476e-01-1.421502828e-01
-1.350646466e-01-1.265766323e-01-1.167009101e-01-1.054633335e-01-9.290131929e-02
-7.906421274e-02-6.401349601e-02-4.782292989e-02-3.057848106e-02-1.237806585e-02
 6.668941118e-03 2.644256316e-02 4.647374901e-02 6.678761548e-02 8.742018783e-02
 1.084211022e-01 1.298549324e-01 1.518028080e-01 1.743646711e-01 1.976621449e-01
 2.218424082e-01 2.470843643e-01 2.736148238e-01 3.017801642e-01 3.315693437e-01
 1.435282081e-01 1.413143575e-01 1.351601630e-01 1.274426430e-01 1.193079427e-01
 1.108104215e-01 1.019967645e-01 9.289810061e-02 8.353211729e-02 7.390687618e-02
 6.402390447e-02 5.388032272e-02 4.347032307e-02 3.278651836e-02 2.182155290e-02
 1.057115107e-02-8.205607592e-04-1.228208657e-02-2.373759262e-02-3.510830550e-02
-4.631339389e-02-5.727060510e-02-6.789686528e-02-7.810875772e-02-8.782310784e-02
-9.695742281e-02-1.054304838e-01-1.131628305e-01-1.200773120e-01-1.260996461e-01
-1.311589777e-01-1.351884454e-01-1.381257772e-01-1.399138868e-01-1.405014992e-01
-1.398437470e-01-1.379027963e-01-1.346484422e-01-1.300587952e-01-1.241207495e-01
-1.168306768e-01-1.081948504e-01-9.822998193e-02-8.696357906e-02-7.443425058e-02
-6.069197509e-02-4.579811545e-02-2.982544900e-02-1.285789625e-02 5.009963614e-03
 2.367374118e-02 4.266640174e-02 6.201359996e-02 8.175311240e-02 1.019377858e-01
 1.226393059e-01 1.439530253e-01 1.660044193e-01 1.889582872e-01 2.130319923e-01
 2.385151685e-01 2.657998502e-01 2.954280674e-01 3.281613888e-01 3.634377419e-01
 1.384622306e-01 1.362875104e-01 1.301940977e-01 1.227945462e-01 1.151076332e-01
 1.071427987e-01 9.891530877e-02 9.043768048e-02 8.171822877e-02 7.276110353e-02
 6.356691569e-02 5.413347481e-02 4.445642975e-02 3.452978282e-02 2.434617280e-02
 1.389667392e-02 3.312862493e-03-7.333879854e-03-1.796945554e-02-2.851746607e-02
-3.889972347e-02-4.903677476e-02-5.884842949e-02-6.825423244e-02-7.717400792e-02
-8.552830666e-02-9.323898704e-02-1.002296805e-01-1.064263806e-01-1.117579415e-01
-1.161566898e-01-1.195589676e-01-1.219057366e-01-1.231431663e-01-1.232232824e-01
-1.221045256e-01-1.197523922e-01-1.161400601e-01-1.112489477e-01-1.050692797e-01
-9.760066123e-02-8.885250984e-02-7.884448022e-02-6.760679185e-02-5.518040436e-02
-4.161709548e-02-2.697941102e-02-1.134064609e-02 5.215386889e-03 2.259490828e-02
 4.034019628e-02 5.846831948e-02 7.700698820e-02 9.599705788e-02 1.154958681e-01
 1.355816424e-01 1.563594789e-01 1.779695899e-01 2.005989999e-01 2.244980782e-01
 2.500038445e-01 2.775711418e-01 3.078083695e-01 3.415001334e-01 3.778157531e-01
 1.334670037e-01 1.313094645e-01 1.255295426e-01 1.184175537e-01 1.111127958e-01
 1.036169753e-01 9.592679149e-02 8.803921191e-02 7.995134594e-02 7.166017595e-02
 6.316228214e-02 5.445365977e-02 4.552953693e-02 3.638425842e-02 2.701106484e-02
 1.740193366e-02 7.667365469e-03-2.123257873e-03-1.189784429e-02-2.158232222e-02
-3.110116531e-02-4.037785158e-02-4.933527856e-02-5.789623037e-02-6.598382444e-02
-7.352199405e-02-8.043601365e-02-8.665294945e-02-9.210228176e-02-9.671637417e-02
-1.004310697e-01-1.031863019e-01-1.049266383e-01-1.056019217e-01-1.051678657e-01
-1.035867110e-01-1.008277759e-01-9.686813504e-02-9.169312565e-02-8.529698102e-02
-7.768327743e-02-6.886544079e-02-5.886711180e-02-4.772244394e-02-3.547613321e-02
-2.218314819e-02-7.908186890e-03 7.273710813e-03 2.327702011e-02 3.966410083e-02
 5.643951151e-02 7.361549136e-02 9.121365097e-02 1.092671454e-01 1.278234571e-01
 1.469479352e-01 1.667285859e-01 1.872824729e-01 2.087645679e-01 2.313806563e-01
 2.554067672e-01 2.812212110e-01 3.093651532e-01 3.406756222e-01 3.735838234e-01
 1.285750419e-01 1.264705808e-01 1.207946613e-01 1.139672845e-01 1.070594937e-01
 1.000460684e-01 9.290468693e-02 8.561772850e-02 7.817229629e-02 7.055915149e-02
 6.277151403e-02 5.480403827e-02 4.665201901e-02 3.831070289e-02 2.977451684e-02
 2.103591149e-02 1.217782774e-02 3.270287081e-03-5.615717746e-03-1.440837976e-02
-2.303510529e-02-3.142266348e-02-3.949744628e-02-4.718584567e-02-5.441465973e-02
-6.111154706e-02-6.720553339e-02-7.262747736e-02-7.731065154e-02-8.119125663e-02
-8.420898019e-02-8.630764486e-02-8.743572979e-02-8.754707874e-02-8.660145104e-02
-8.456522226e-02-8.141194283e-02-7.712301613e-02-7.168824224e-02-6.510634720e-02
-5.738554524e-02-4.854394495e-02-3.861008212e-02-2.762347458e-02-1.563490185e-02
-2.705233899e-03 1.110020184e-02 2.570512706e-02 4.070545360e-02 5.609354374e-02
 7.186593115e-02 8.802447474e-02 1.045776233e-01 1.215418130e-01 1.389429420e-01
 1.568181067e-01 1.752174646e-01 1.942061484e-01 2.138662338e-01 2.342983336e-01
 2.556221783e-01 2.779749334e-01 3.015007674e-01 3.262831271e-01 3.510449528e-01
 1.231416687e-01 1.210525856e-01 1.155420392e-01 1.090995893e-01 1.026944295e-01
 9.625262019e-02 8.972676845e-02 8.308773491e-02 7.631802556e-02 6.940714268e-02
 6.234875318e-02 5.513905360e-02 4.777577517e-02 4.025767744e-02 3.258439527e-02
 2.475675198e-02 1.677793454e-02 8.762001991e-03 7.775626218e-04-7.107564728e-03
-1.482505072e-02-2.230588534e-02-2.948061375e-02-3.627973051e-02-4.263412581e-02
-4.847554864e-02-5.373711511e-02-5.835378542e-02-6.226291507e-02-6.540479510e-02
-6.772321463e-02-6.916608661e-02-6.968603284e-02-6.924106181e-02-6.779521704e-02
-6.531919539e-02-6.179106237e-02-5.719683319e-02-5.153109506e-02-4.479752108e-02
-3.700925782e-02-2.818921579e-02-1.837038064e-02-7.597937263e-03 4.066187437e-03
 1.653495432e-02 2.976525205e-02 4.340583085e-02 5.744018035e-02 7.185126099e-02
 8.662365378e-02 1.017446965e-01 1.172051430e-01 1.329996139e-01 1.491268128e-01
 1.655893922e-01 1.823930293e-01 1.995443701e-01 2.170468420e-01 2.348926962e-01
 2.530483008e-01 2.714265586e-01 2.898334861e-01 3.078526555e-01 3.245991765e-01
 1.163299381e-01 1.140649990e-01 1.091528981e-01 1.034912095e-01 9.786024691e-02
 9.215659648e-02 8.634617928e-02 8.041528615e-02 7.435795663e-02 6.817188112e-02
 6.185677649e-02 5.541361870e-02 4.884433003e-02 4.215167089e-02 3.533939274e-02
 2.841262518e-02 2.137873693e-02 1.424900255e-02 7.170314871e-03 2.000652748e-04
-6.600055392e-03-1.316622180e-02-1.943361014e-02-2.533715404e-02-3.081213309e-02
-3.579468653e-02-4.022230209e-02-4.403431341e-02-4.717239738e-02-4.958113284e-02
-5.120854452e-02-5.200673267e-02-5.193251745e-02-5.094809830e-02-4.902178049e-02
-4.612864182e-02-4.225124047e-02-3.738030418e-02-3.151546045e-02-2.466588095e-02
-1.685041934e-02-8.097110302e-03 1.562742982e-03 1.209337544e-02 2.345058509e-02
 3.527810051e-02 4.759065807e-02 6.033609435e-02 7.347463074e-02 8.697218448e-02
 1.007975787e-01 1.149212792e-01 1.293147653e-01 1.439500302e-01 1.587990374e-01
 1.738325060e-01 1.890180111e-01 2.043166458e-01 2.196775525e-01 2.350293397e-01
 2.502669990e-01 2.652332783e-01 2.796949149e-01 2.933213114e-01 3.056914806e-01
 1.082293391e-01 1.054135859e-01 1.017320827e-01 9.743192045e-02 9.278170016e-02
 8.790287375e-02 8.284848185e-02 7.764525714e-02 7.230886818e-02 6.684982777e-02
 6.127612290e-02 5.559457467e-02 4.981154577e-02 4.393336551e-02 3.796651588e-02
 3.191749750e-02 2.579215355e-02 1.959371005e-02 1.343909370e-02 7.390777595e-03
 1.510047354e-03-4.142056692e-03-9.504416041e-03-1.451614872e-02-1.911699957e-02
-2.324771693e-02-2.685044334e-02-2.986913173e-02-3.224999458e-02-3.394201399e-02
-3.489748389e-02-3.507263958e-02-3.442830592e-02-3.293066471e-02-3.055202589e-02
-2.727159113e-02-2.307609655e-02-1.796034910e-02-1.192867943e-02-4.996906031e-03
 2.807144534e-03 1.142836548e-02 2.084054426e-02 3.103061765e-02 4.171059281e-02
 5.285961182e-02 6.445301326e-02 7.645566016e-02 8.882859348e-02 1.015309468e-01
 1.145202816e-01 1.277523935e-01 1.411810964e-01 1.547577828e-01 1.684310883e-01
 1.821460724e-01 1.958429962e-01 2.094551325e-01 2.229055911e-01 2.361026109e-01
 2.489337474e-01 2.612597942e-01 2.729106844e-01 2.836875022e-01 2.933754623e-01
 1.018923819e-01 9.898960592e-02 9.564788640e-02 9.194404629e-02 8.796244112e-02
 8.376004544e-02 7.938101143e-02 7.485636325e-02 7.020767777e-02 6.545055659e-02
 6.059713659e-02 5.565770718e-02 5.064174157e-02 4.555859044e-02 4.041791335e-02
 3.522997351e-02 3.000594859e-02 2.475847676e-02 1.950334013e-02 1.436060855e-02
 9.386050522e-03 4.635088611e-03 1.645211087e-04-3.969370853e-03-7.711284336e-03
-1.100708639e-02-1.380403059e-02-1.605105214e-02-1.769914664e-02-1.870180666e-02
-1.901552082e-02-1.860037073e-02-1.742071287e-02-1.544605662e-02-1.265211682e-02
-9.021980692e-03-4.546612501e-03 7.783696019e-04 6.949210536e-03 1.394378486e-02
 2.177789435e-02 3.017067163e-02 3.915723041e-02 4.872522502e-02 5.881743134e-02
 6.938944010e-02 8.040059359e-02 9.180893750e-02 1.035695002e-01 1.156335100e-01
 1.279478371e-01 1.404545456e-01 1.530907452e-01 1.657886207e-01 1.784757078e-01
 1.910754442e-01 2.035076618e-01 2.156888992e-01 2.275322676e-01 2.389467806e-01
 2.498362959e-01 2.600986957e-01 2.696264386e-01 2.783094645e-01 2.860416472e-01
 9.647998960e-02 9.357848765e-02 9.041111919e-02 8.703402433e-02 8.349236849e-02
 7.980637994e-02 7.599559429e-02 7.207689437e-02 6.806432459e-02 6.396977606e-02
 5.980389565e-02 5.557686090e-02 5.129898709e-02 4.698118940e-02 4.263530672e-02
 3.827441485e-02 3.391306104e-02 2.956754715e-02 2.525599858e-02 2.099774966e-02
 1.691110991e-02 1.303825154e-02 9.436732151e-03 6.158159587e-03 3.251799142e-03
 7.656480957e-04-1.253425966e-03-2.759887124e-03-3.709860619e-03-4.061506133e-03
-3.775418510e-03-2.815057760e-03-1.147282655e-03 1.256822718e-03 4.420250185e-03
 8.355890401e-03 1.305545681e-02 1.853322238e-02 2.482046187e-02 3.168914839e-02
 3.916863724e-02 4.723070934e-02 5.585735664e-02 6.502570957e-02 7.470418513e-02
 8.485744894e-02 9.544697405e-02 1.064300388e-01 1.177585349e-01 1.293777525e-01
 1.412252634e-01 1.532301307e-01 1.653124839e-01 1.773839295e-01 1.893488616e-01
 2.011068165e-01 2.125557661e-01 2.235957533e-01 2.341325134e-01 2.440802306e-01
 2.533632219e-01 2.619165182e-01 2.696857751e-01 2.766270041e-01 2.827068270e-01
 9.140752254e-02 8.851768076e-02 8.548001199e-02 8.235512672e-02 7.917044313e-02
 7.592620699e-02 7.262289526e-02 6.926188621e-02 6.584595892e-02 6.237958002e-02
 5.886892229e-02 5.532190950e-02 5.174816398e-02 4.815901816e-02 4.456757751e-02
 4.098885506e-02 3.743999450e-02 3.394067287e-02 3.051370567e-02 2.718612179e-02
 2.399132959e-02 2.094556578e-02 1.818142271e-02 1.573118754e-02 1.363261136e-02
 1.192541515e-02 1.064963919e-02 9.844740860e-03 9.549033821e-03 9.799301628e-03
 1.063054706e-02 1.207594295e-02 1.416717004e-02 1.693565585e-02 2.041589655e-02
 2.465382405e-02 2.946810982e-02 3.490211442e-02 4.096502065e-02 4.762855916e-02
 5.487740784e-02 6.269464642e-02 7.106275858e-02 7.996174693e-02 8.936773241e-02
 9.925260396e-02 1.095833033e-01 1.203206107e-01 1.314175278e-01 1.428172737e-01
 1.544512064e-01 1.662366837e-01 1.780756414e-01 1.898543835e-01 2.014453858e-01
 2.127121538e-01 2.235168368e-01 2.337299138e-01 2.432397306e-01 2.519602179e-01
 2.598350942e-01 2.668384314e-01 2.729712427e-01 2.782556117e-01 2.827270626e-01
 8.624358477e-02 8.334584536e-02 8.043672891e-02 7.756425440e-02 7.473962007e-02
 7.193946838e-02 6.914220008e-02 6.633205715e-02 6.350000949e-02 6.064306946e-02
 5.776320401e-02 5.486629161e-02 5.196136609e-02 4.906008391e-02 4.617642985e-02
 4.332660508e-02 4.052910210e-02 3.780492026e-02 3.517795726e-02 3.267555685e-02
 3.032917345e-02 2.817490325e-02 2.626082672e-02 2.462750860e-02 2.331249788e-02
 2.235184796e-02 2.178052254e-02 2.163237334e-02 2.193994446e-02 2.273422852e-02
 2.404435164e-02 2.589723096e-02 2.831704915e-02 3.132433816e-02 3.493394702e-02
 3.915001080e-02 4.395294189e-02 4.933875799e-02 5.530414730e-02 6.184158102e-02
 6.894285231e-02 7.659877837e-02 8.479893952e-02 9.353103487e-02 1.027800441e-01
 1.125273332e-01 1.227494180e-01 1.334161907e-01 1.444885731e-01 1.559152454e-01
 1.676287204e-01 1.795403808e-01 1.915354580e-01 2.034687847e-01 2.151640356e-01
 2.264199406e-01 2.370261997e-01 2.467871905e-01 2.555461526e-01 2.632023990e-01
 2.697191835e-01 2.751230001e-01 2.794948816e-01 2.829529345e-01 2.856288552e-01
 8.053990451e-02 7.758463176e-02 7.483503224e-02 7.230664043e-02 6.994808464e-02
 6.768178193e-02 6.545295566e-02 6.322907659e-02 6.099381670e-02 5.874174464e-02
 5.647473040e-02 5.419963968e-02 5.192688105e-02 4.966956751e-02 4.744298385e-02
 4.526437445e-02 4.315286505e-02 4.112952205e-02 3.921750563e-02 3.744225205e-02
 3.583164512e-02 3.441603855e-02 3.322809561e-02 3.230028973e-02 3.166429327e-02
 3.135090694e-02 3.138996290e-02 3.181022777e-02 3.263924644e-02 3.390311821e-02
 3.562621772e-02 3.783084080e-02 4.053673895e-02 4.376047849e-02 4.751459508e-02
 5.180668086e-02 5.663933976e-02 6.201462076e-02 6.793400645e-02 7.439802588e-02
 8.140662312e-02 8.895923943e-02 9.705475717e-02 1.056912989e-01 1.148657501e-01
 1.245730519e-01 1.348050982e-01 1.455489546e-01 1.567841917e-01 1.684788614e-01
 1.805834770e-01 1.930222511e-01 2.056807131e-01 2.183891386e-01 2.309042812e-01
 2.429013401e-01 2.540016174e-01 2.638464868e-01 2.721732557e-01 2.788451910e-01
 2.838505506e-01 2.872990966e-01 2.894172966e-01 2.905162573e-01 2.909153104e-01
 7.354837653e-02 7.036400588e-02 6.801189484e-02 6.622229518e-02 6.464205681e-02
 6.310731170e-02 6.155880167e-02 5.997602271e-02 5.835532023e-02 5.670161921e-02
 5.502472445e-02 5.333744365e-02 5.165459219e-02 4.999243839e-02 4.836844650e-02
 4.680112380e-02 4.531004654e-02 4.391586783e-02 4.264041036e-02 4.150670765e-02
 4.053899273e-02 3.976258635e-02 3.920358420e-02 3.888828680e-02 3.884278239e-02
 3.909268976e-02 3.966296837e-02 4.057777301e-02 4.186028616e-02 4.353255405e-02
 4.561530798e-02 4.812773691e-02 5.108725278e-02 5.450924857e-02 5.840690808e-02
 6.279116125e-02 6.767106803e-02 7.305466384e-02 7.894950359e-02 8.536301552e-02
 9.230284391e-02 9.977716951e-02 1.077949554e-01 1.163661778e-01 1.255019307e-01
 1.352143884e-01 1.455165148e-01 1.564212740e-01 1.679401398e-01 1.800801307e-01
 1.928386390e-01 2.061943561e-01 2.200912684e-01 2.344091087e-01 2.489027083e-01
 2.630695403e-01 2.760097683e-01 2.868321240e-01 2.951264083e-01 3.007796407e-01
 3.038205504e-01 3.044211268e-01 3.030146659e-01 3.004582524e-01 2.976552546e-01
 6.432405111e-02 6.023404005e-02 5.956348035e-02 5.954936521e-02 5.912951753e-02
 5.847514419e-02 5.765795338e-02 5.671994014e-02 5.569216238e-02 5.460075289e-02
 5.346922579e-02 5.231955276e-02 5.117269602e-02 5.004898456e-02 4.896838217e-02
 4.795068500e-02 4.701573026e-02 4.618352276e-02 4.547435790e-02 4.490889610e-02
 4.450816289e-02 4.429350422e-02 4.428644854e-02 4.450852794e-02 4.498108475e-02
 4.572512582e-02 4.676118865e-02 4.810925200e-02 4.978863896e-02 5.181790888e-02
 5.421480162e-02 5.699612200e-02 6.017769130e-02 6.377430262e-02 6.779974700e-02
 7.226695120e-02 7.718823849e-02 8.257573842e-02 8.844184875e-02 9.479964525e-02
 1.016633808e-01 1.090490445e-01 1.169749647e-01 1.254625618e-01 1.345371455e-01
 1.442289799e-01 1.545744091e-01 1.656171233e-01 1.774095446e-01 1.900138706e-01
 2.035025507e-01 2.179573625e-01 2.334665358e-01 2.501211166e-01 2.680218220e-01
 2.873642743e-01 3.048431873e-01 3.173756897e-01 3.257068098e-01 3.302252293e-01
 3.305886090e-01 3.271118998e-01 3.192934692e-01 3.101466894e-01 3.034325242e-01
 5.772405119e-02 5.329159275e-02 5.315537752e-02 5.395285042e-02 5.430077386e-02
 5.431576821e-02 5.408773574e-02 5.368351935e-02 5.315430459e-02 5.254101381e-02
 5.187765880e-02 5.119344589e-02 5.051417276e-02 4.986319318e-02 4.926210642e-02
 4.873128608e-02 4.829022662e-02 4.795784131e-02 4.775261506e-02 4.769275711e-02
 4.779624940e-02 4.808088392e-02 4.856424780e-02 4.926368593e-02 5.019627887e-02
 5.137878282e-02 5.282762276e-02 5.455885829e-02 5.658818781e-02 5.893093349e-02
 6.160206347e-02 6.461617349e-02 6.798756868e-02 7.173028590e-02 7.585819812e-02
 8.038521557e-02 8.532549440e-02 9.069374204e-02 9.650562704e-02 1.027782038e-01
 1.095305234e-01 1.167842969e-01 1.245648041e-01 1.329020411e-01 1.418322176e-01
 1.513997465e-01 1.616599411e-01 1.726825833e-01 1.845568717e-01 1.973980516e-01
 2.113560885e-01 2.266264707e-01 2.434618473e-01 2.621816695e-01 2.831791341e-01
 3.054222167e-01 3.227948248e-01 3.351448774e-01 3.427304029e-01 3.453515172e-01
 3.431607783e-01 3.354787529e-01 3.232297599e-01 3.127690554e-01 3.045062125e-01
 5.351245774e-02 4.892385007e-02 4.894867541e-02 4.996750876e-02 5.061835052e-02
 5.096986148e-02 5.108722301e-02 5.103036761e-02 5.085134131e-02 5.059418085e-02
 5.029592292e-02 4.998794571e-02 4.969725385e-02 4.944757000e-02 4.926019159e-02
 4.915462431e-02 4.914900662e-02 4.926040395e-02 4.950501399e-02 4.989828172e-02
 5.045500398e-02 5.118939652e-02 5.211516096e-02 5.324556306e-02 5.459346996e-02
 5.617144704e-02 5.799180271e-02 6.006667762e-02 6.240811202e-02 6.502813098e-02
 6.793883441e-02 7.115247101e-02 7.468155773e-02 7.853899897e-02 8.273819835e-02
 8.729320018e-02 9.221891314e-02 9.753133356e-02 1.032478511e-01 1.093876362e-01
 1.159721911e-01 1.230260283e-01 1.305775792e-01 1.386605054e-01 1.473153681e-01
 1.565919667e-01 1.665527225e-01 1.772773862e-01 1.888699383e-01 2.014690786e-01
 2.152643353e-01 2.305213213e-01 2.476201653e-01 2.670986354e-01 2.894941270e-01
 3.094208241e-01 3.247488439e-01 3.354603052e-01 3.414054513e-01 3.425655365e-01
 3.381833434e-01 3.278920651e-01 3.166515529e-01 3.073815406e-01 2.997049093e-01
 5.129558967e-02 4.661484064e-02 4.638085884e-02 4.736427589e-02 4.804071040e-02
 4.846215248e-02 4.869073254e-02 4.878434168e-02 4.879306626e-02 4.875851423e-02
 4.871479049e-02 4.869008066e-02 4.870822653e-02 4.878998175e-02 4.895392430e-02
 4.921701920e-02 4.959490892e-02 5.010207367e-02 5.075187978e-02 5.155661705e-02
 5.252755803e-02 5.367503312e-02 5.500857902e-02 5.653706937e-02 5.826890472e-02
 6.021214648e-02 6.237471476e-02 6.476452945e-02 6.738966705e-02 7.025853547e-02
 7.338002324e-02 7.676368205e-02 8.041986826e-02 8.435989915e-02 8.859617260e-02
 9.314229341e-02 9.801311790e-02 1.032249332e-01 1.087955609e-01 1.147445738e-01
 1.210936606e-01 1.278670579e-01 1.350922883e-01 1.428010613e-01 1.510306001e-01
 1.598254144e-01 1.692397446e-01 1.793410480e-01 1.902148873e-01 2.019724846e-01
 2.147625685e-01 2.287919521e-01 2.443655431e-01 2.619861960e-01 2.807847261e-01
 2.966991067e-01 3.090373576e-01 3.176288605e-01 3.223946691e-01 3.227420151e-01
 3.184651732e-01 3.103961050e-01 3.028405607e-01 2.961134911e-01 2.901850641e-01
 5.038070677e-02 4.553304987e-02 4.521633314e-02 4.597141595e-02 4.641845448e-02
 4.665693270e-02 4.677170144e-02 4.682828485e-02 4.687387872e-02 4.694171253e-02
 4.705575851e-02 4.723452775e-02 4.749370737e-02 4.784767699e-02 4.831020163e-02
 4.889458790e-02 4.961346462e-02 5.047846584e-02 5.149992925e-02 5.268671365e-02
 5.404615033e-02 5.558414757e-02 5.730544031e-02 5.921387303e-02 6.131270902e-02
 6.360492857e-02 6.609347460e-02 6.878149512e-02 7.167255135e-02 7.477084544e-02
 7.808150351e-02 8.161080629e-02 8.536648007e-02 8.935786784e-02 9.359605612e-02
 9.809390458e-02 1.028659716e-01 1.079283953e-01 1.132987663e-01 1.189960390e-01
 1.250405014e-01 1.314539164e-01 1.382597536e-01 1.454835385e-01 1.531533301e-01
 1.613003611e-01 1.699595899e-01 1.791702360e-01 1.889759898e-01 1.994241923e-01
 2.105626166e-01 2.224301845e-01 2.350326181e-01 2.482817322e-01 2.616139352e-01
 2.733271122e-01 2.827302814e-01 2.895707786e-01 2.936473191e-01 2.947955131e-01
 2.930122912e-01 2.895787656e-01 2.857040763e-01 2.817367911e-01 2.778742909e-01
 5.137947573e-02 4.637083042e-02 4.560003056e-02 4.571975395e-02 4.554049297e-02
 4.527243228e-02 4.503716157e-02 4.489426313e-02 4.486693817e-02 4.496078938e-02
 4.517527297e-02 4.550983013e-02 4.596673697e-02 4.655179383e-02 4.727377743e-02
 4.814321175e-02 4.917094109e-02 5.036683753e-02 5.173880978e-02 5.329227823e-02
 5.503006655e-02 5.695268141e-02 5.905886739e-02 6.134622546e-02 6.381183863e-02
 6.645269689e-02 6.926602125e-02 7.224945723e-02 7.540125398e-02 7.872055474e-02
 8.220776172e-02 8.586505800e-02 8.969683200e-02 9.371011707e-02 9.791470319e-02
 1.023230776e-01 1.069500372e-01 1.118121967e-01 1.169273332e-01 1.223138794e-01
 1.279904246e-01 1.339754313e-01 1.402870566e-01 1.469429731e-01 1.539600641e-01
 1.613540948e-01 1.691386700e-01 1.773236990e-01 1.859123260e-01 1.948956847e-01
 2.042435855e-01 2.138883621e-01 2.236979604e-01 2.334360033e-01 2.427315265e-01
 2.511326671e-01 2.582434416e-01 2.637969554e-01 2.676559091e-01 2.698199451e-01
 2.704588175e-01 2.699086368e-01 2.685553729e-01 2.667147815e-01 2.646094859e-01
 5.539900066e-02 5.057433622e-02 4.807652907e-02 4.635542634e-02 4.482106119e-02
 4.365890843e-02 4.290939869e-02 4.252143575e-02 4.242718592e-02 4.256720468e-02
 4.289720955e-02 4.338949549e-02 4.403183237e-02 4.482455179e-02 4.577657205e-02
 4.690118137e-02 4.821224885e-02 4.972129691e-02 5.143555257e-02 5.335706474e-02
 5.548279357e-02 5.780556798e-02 6.031556803e-02 6.300190835e-02 6.585385647e-02
 6.886149195e-02 7.201577723e-02 7.530836761e-02 7.873137298e-02 8.227749170e-02
 8.594070375e-02 8.971727638e-02 9.360699359e-02 9.761404248e-02 1.017474457e-01
 1.060207561e-01 1.104511842e-01 1.150581539e-01 1.198617965e-01 1.248815804e-01
 1.301354021e-01 1.356389970e-01 1.414056271e-01 1.474456936e-01 1.537663043e-01
 1.603703201e-01 1.672551483e-01 1.744104922e-01 1.818153411e-01 1.894333512e-01
 1.972066611e-01 2.050480992e-01 2.128331512e-01 2.203956544e-01 2.275341898e-01
 2.340342403e-01 2.397008240e-01 2.443877309e-01 2.480162680e-01 2.505840957e-01
 2.521647215e-01 2.528924346e-01 2.529333532e-01 2.524541318e-01 2.516014278e-01
 5.986976626e-02 5.505003780e-02 5.054732038e-02 4.623825847e-02 4.230666162e-02
 4.040588811e-02 3.944669662e-02 3.910636532e-02 3.918497264e-02 3.954656421e-02
 4.010191929e-02 4.080235586e-02 4.163374376e-02 4.260723294e-02 4.374831542e-02
 4.508702828e-02 4.665063693e-02 4.845887425e-02 5.052104221e-02 5.283489077e-02
 5.538737404e-02 5.815750730e-02 6.112065542e-02 6.425280124e-02 6.753327700e-02
 7.094538958e-02 7.447527350e-02 7.810985298e-02 8.183490485e-02 8.563433589e-02
 8.949152377e-02 9.339232740e-02 9.732852130e-02 1.013001502e-01 1.053166091e-01
 1.093962714e-01 1.135643423e-01 1.178491563e-01 1.222781092e-01 1.268748641e-01
 1.316581815e-01 1.366419196e-01 1.418352574e-01 1.472427845e-01 1.528643072e-01
 1.586942076e-01 1.647203565e-01 1.709226072e-01 1.772707850e-01 1.837223321e-01
 1.902196258e-01 1.966878921e-01 2.030343115e-01 2.091499716e-01 2.149158865e-01
 2.202130556e-01 2.249351740e-01 2.290007919e-01 2.323624641e-01 2.350111902e-01
 2.369754612e-01 2.383147925e-01 2.391092777e-01 2.394478619e-01 2.394184023e-01
 6.271823496e-02 5.748016390e-02 5.190965159e-02 4.576567933e-02 3.910265866e-02
 3.495643662e-02 3.387137130e-02 3.428295255e-02 3.502727675e-02 3.593895954e-02
 3.689589349e-02 3.784941885e-02 3.882297873e-02 3.988348696e-02 4.111004992e-02
 4.257445782e-02 4.433273527e-02 4.642178115e-02 4.885664581e-02 5.162768069e-02
 5.470028891e-02 5.802175777e-02 6.153523925e-02 6.519346686e-02 6.896478683e-02
 7.283136247e-02 7.678329200e-02 8.081118762e-02 8.489837495e-02 8.901494741e-02
 9.312029928e-02 9.717613460e-02 1.011580899e-01 1.050590649e-01 1.088899821e-01
 1.126816720e-01 1.164829805e-01 1.203483045e-01 1.243224591e-01 1.284356713e-01
 1.327063441e-01 1.371447295e-01 1.417551041e-01 1.465368271e-01 1.514844000e-01
 1.565871388e-01 1.618285179e-01 1.671852618e-01 1.726264506e-01 1.781124920e-01
 1.835945696e-01 1.890144944e-01 1.943056136e-01 1.993951500e-01 2.042079270e-01
 2.086715698e-01 2.127223313e-01 2.163105756e-01 2.194050700e-01 2.219950110e-01
 2.240898907e-01 2.257168293e-01 2.269162983e-01 2.277370542e-01 2.282312065e-01
 6.563539803e-02 6.034476681e-02 5.451571938e-02 4.785732552e-02 4.013903439e-02
 3.404113652e-02 3.033913305e-02 2.912952757e-02 3.042165568e-02 3.237117083e-02
 3.389131281e-02 3.495937957e-02 3.579290584e-02 3.664376956e-02 3.770742568e-02
 3.911523518e-02 4.095603150e-02 4.329071938e-02 4.615259546e-02 4.953187707e-02
 5.334911124e-02 5.745531990e-02 6.170013544e-02 6.599563360e-02 7.031393796e-02
 7.466124001e-02 7.905845344e-02 8.352870494e-02 8.808336410e-02 9.268291293e-02
 9.718395025e-02 1.014735922e-01 1.055176631e-01 1.093051433e-01 1.128363013e-01
 1.161425188e-01 1.193551794e-01 1.226413548e-01 1.260638833e-01 1.296384781e-01
 1.333684474e-01 1.372528374e-01 1.412881017e-01 1.454680413e-01 1.497831494e-01
 1.542199999e-01 1.587605923e-01 1.633818597e-01 1.680552810e-01 1.727467626e-01
 1.774166972e-01 1.820205450e-01 1.865098625e-01 1.908340454e-01 1.949426532e-01
 1.987881809e-01 2.023290545e-01 2.055322379e-01 2.083754241e-01 2.108480036e-01
 2.129511982e-01 2.146968990e-01 2.161058188e-01 2.172050625e-01 2.180255949e-01
 6.921640785e-02 6.438865513e-02 5.914498118e-02 5.339991674e-02 4.714294524e-02
 4.049579425e-02 3.444732359e-02 3.073562493e-02 2.962586840e-02 3.132824597e-02
 3.281904384e-02 3.298568723e-02 3.264245021e-02 3.262614465e-02 3.312304241e-02
 3.420880064e-02 3.595062715e-02 3.842867541e-02 4.174364734e-02 4.601058364e-02
 5.126138774e-02 5.680390823e-02 6.205324827e-02 6.703828278e-02 7.185295224e-02
 7.658988980e-02 8.133583514e-02 8.617754283e-02 9.121450779e-02 9.657013415e-02
 1.016202122e-01 1.061701104e-01 1.102899760e-01 1.139424294e-01 1.171065867e-01
 1.197055504e-01 1.219768897e-01 1.245861426e-01 1.274337023e-01 1.304700822e-01
 1.336692721e-01 1.370166838e-01 1.405024678e-01 1.441173553e-01 1.478502750e-01
 1.516870260e-01 1.556097418e-01 1.595966965e-01 1.636223644e-01 1.676577031e-01
 1.716704816e-01 1.756259203e-01 1.794876307e-01 1.832187474e-01 1.867833883e-01
 1.901481897e-01 1.932839304e-01 1.961669028e-01 1.987800449e-01 2.011135519e-01
 2.031648606e-01 2.049383074e-01 2.064441294e-01 2.076973468e-01 2.087163329e-01
 7.338591665e-02 6.937368959e-02 6.505521385e-02 6.039761376e-02 5.544386061e-02
 5.030931906e-02 4.515867674e-02 4.017829892e-02 3.670249882e-02 3.649950775e-02
 3.636930505e-02 3.463258216e-02 3.237488872e-02 3.130058578e-02 3.114531742e-02
 3.181935477e-02 3.333975002e-02 3.578076506e-02 3.928733993e-02 4.415050521e-02
 5.092115325e-02 5.782575160e-02 6.369698791e-02 6.898701937e-02 7.395751777e-02
 7.877811043e-02 8.357768503e-02 8.847200868e-02 9.358357635e-02 9.903304282e-02
 1.041706428e-01 1.087593808e-01 1.128557548e-01 1.164276227e-01 1.194231435e-01
 1.217423081e-01 1.236672401e-01 1.258864850e-01 1.283133924e-01 1.308962554e-01
 1.336132586e-01 1.364579201e-01 1.394280344e-01 1.425192207e-01 1.457226127e-01
 1.490246355e-01 1.524077356e-01 1.558511406e-01 1.593314558e-01 1.628232151e-01
 1.662992984e-01 1.697315425e-01 1.730913669e-01 1.763505637e-01 1.794821173e-01
 1.824611127e-01 1.852656603e-01 1.878776699e-01 1.902833730e-01 1.924737990e-01
 1.944447159e-01 1.961964965e-01 1.977336407e-01 1.990641356e-01 2.001987397e-01
 0.999242961E+00 0.101125407E+01 0.101814282E+01 0.102681446E+01 0.103598094E+01
 0.104541981E+01 0.105650759E+01 0.106664669E+01 0.107650566E+01 0.108662307E+01
 0.109731221E+01 0.110858428E+01 0.111977005E+01 0.113109243E+01 0.114340806E+01
 0.115562522E+01 0.116812921E+01 0.118113923E+01 0.119472301E+01 0.120855677E+01
 0.122263277E+01 0.123730600E+01 0.125246608E+01 0.126813340E+01 0.128414988E+01
 0.130069804E+01 0.131796157E+01 0.133577466E+01 0.135410774E+01 0.137309587E+01
 0.139281321E+01 0.141333377E+01 0.143455374E+01 0.145657241E+01 0.147946143E+01
 0.150333178E+01 0.152817571E+01 0.155408871E+01 0.158114398E+01 0.160938239E+01
 0.163900292E+01 0.166997170E+01 0.170260751E+01 0.173684382E+01 0.177289653E+01
 0.181101382E+01 0.185127974E+01 0.189406824E+01 0.193931723E+01 0.198778367E+01
 0.203949809E+01 0.209513569E+01 0.215489674E+01 0.221997118E+01 0.229063988E+01
 0.236825061E+01 0.245426774E+01 0.255005956E+01 0.265870905E+01 0.278370690E+01
 0.293092275E+01 0.311073613E+01 0.334886360E+01 0.372504115E+01 0.549691629E+01
   83  117
 0.119573641E+01-0.100000001E+00 0.119413626E+01 0.000000000E+00 0.119477844E+01
 0.100000001E+00 0.119779313E+01 0.200000003E+00 0.120359886E+01 0.300000012E+00
 0.121187496E+01 0.387353987E+00 0.121982050E+01 0.449999988E+00 0.123787653E+01
 0.550000012E+00 0.125021017E+01 0.600000024E+00 0.126558959E+01 0.649999976E+00
 0.129156256E+01 0.715748727E+00 0.131812501E+01 0.764924705E+00 0.134468746E+01
 0.801799595E+00 0.139541495E+01 0.850000024E+00 0.142437506E+01 0.868807435E+00
 0.147749996E+01 0.889194012E+00 0.153062499E+01 0.897484303E+00 0.158375001E+01
 0.897096813E+00 0.163687503E+01 0.889473975E+00 0.169000006E+01 0.874923587E+00
 0.174312496E+01 0.852770984E+00 0.176968753E+01 0.839466930E+00 0.182281256E+01
 0.808208406E+00 0.184937501E+01 0.789928019E+00 0.190060997E+01 0.750000000E+00
 0.192906249E+01 0.726123035E+00 0.195661533E+01 0.699999988E+00 0.200353408E+01
 0.649999976E+00 0.203531241E+01 0.612499297E+00 0.206187510E+01 0.577110231E+00
 0.208843756E+01 0.537834227E+00 0.211500001E+01 0.494306862E+00 0.214156246E+01
 0.446092039E+00 0.216812491E+01 0.392786562E+00 0.219468760E+01 0.333956510E+00
 0.222125006E+01 0.268660784E+00 0.224563551E+01 0.200000003E+00 0.226091862E+01
 0.150000006E+00 0.227437496E+01 0.930059180E-01 0.228749537E+01 0.000000000E+00
 0.228586006E+01-0.100000001E+00 0.227437496E+01-0.174600109E+00 0.225692058E+01
-0.250000000E+00 0.224208975E+01-0.300000012E+00 0.222125006E+01-0.362402231E+00
 0.219468760E+01-0.430980951E+00 0.216812491E+01-0.490667403E+00 0.214156246E+01
-0.542912126E+00 0.211500001E+01-0.589092493E+00 0.208843756E+01-0.630457520E+00
 0.206187510E+01-0.667978823E+00 0.203531241E+01-0.702267349E+00 0.199430990E+01
-0.750000000E+00 0.195562506E+01-0.791705191E+00 0.192906249E+01-0.818765163E+00
 0.189546013E+01-0.850000024E+00 0.184937501E+01-0.891247272E+00 0.182281256E+01
-0.913499415E+00 0.177413011E+01-0.949999988E+00 0.174312496E+01-0.972295761E+00
 0.169790375E+01-0.100000000E+01 0.166343749E+01-0.102061689E+01 0.161031246E+01
-0.104672539E+01 0.158375001E+01-0.105947399E+01 0.153062499E+01-0.108113956E+01
 0.147749996E+01-0.109881723E+01 0.145093751E+01-0.110822630E+01 0.139781249E+01
-0.112378085E+01 0.133786583E+01-0.113598788E+01 0.130448151E+01-0.114171863E+01
 0.129421675E+01-0.104999995E+01 0.128792226E+01-0.100000000E+01 0.127594340E+01
-0.899999976E+00 0.126499999E+01-0.819911540E+00 0.125572407E+01-0.750000000E+00
 0.124228334E+01-0.649999976E+00 0.123568618E+01-0.600000024E+00 0.122373426E+01
-0.500000000E+00 0.121363008E+01-0.400000006E+00 0.120920730E+01-0.349999994E+00
 0.120216310E+01-0.250000000E+00 0.119734621E+01-0.150000006E+00 0.119573641E+01
-0.100000001E+00
 0.101600003E+01 0.000000000E+00 0.101600003E+01 0.963999987E+00 0.101600003E+01
 0.967999995E+00 0.101600003E+01 0.100100005E+01 0.101600003E+01 0.101900005E+01
 0.101600003E+01 0.107700002E+01 0.101600003E+01 0.107000005E+01 0.101600003E+01
 0.109599996E+01 0.101600003E+01 0.111300004E+01 0.101600003E+01 0.113800001E+01
 0.101600003E+01 0.114699996E+01 0.101199996E+01 0.116499996E+01 0.100100005E+01
 0.121700001E+01 0.102900004E+01 0.121700001E+01 0.104200006E+01 0.116240001E+01
 0.104600000E+01 0.116237998E+01 0.105599999E+01 0.116260004E+01 0.109700000E+01
 0.116450000E+01 0.110800004E+01 0.116594005E+01 0.111600006E+01 0.116591001E+01
 0.113399994E+01 0.116895998E+01 0.114800000E+01 0.117174995E+01 0.116199994E+01
 0.117556000E+01 0.118099999E+01 0.118299997E+01 0.118200004E+01 0.118350005E+01
 0.118499994E+01 0.118499994E+01 0.119000006E+01 0.118799996E+01 0.119500005E+01
 0.119099998E+01 0.120099998E+01 0.119599998E+01 0.120899999E+01 0.120200002E+01
 0.121500003E+01 0.120799994E+01 0.122200000E+01 0.121399999E+01 0.122800004E+01
 0.122099996E+01 0.123399997E+01 0.123099995E+01 0.123899996E+01 0.123800004E+01
 0.124199998E+01 0.124399996E+01 0.124800003E+01 0.125399995E+01 0.125800002E+01
 0.127800000E+01 0.126300001E+01 0.128999996E+01 0.127999997E+01 0.133099997E+01
 0.127999997E+01 0.134700000E+01 0.127999997E+01 0.134800005E+01 0.130999994E+01
 0.134800005E+01 0.132799995E+01 0.134800005E+01 0.136099994E+01 0.134800005E+01
 0.138000000E+01 0.134800005E+01 0.141900003E+01 0.134800005E+01 0.141900003E+01
 0.130999994E+01 0.137199998E+01 0.130999994E+01 0.137167001E+01 0.129237998E+01
 0.137003005E+01 0.128268003E+01 0.136688006E+01 0.125644004E+01 0.136719000E+01
 0.122955000E+01 0.137178004E+01 0.119576001E+01 0.137223995E+01 0.119402003E+01
 0.138662004E+01 0.116487002E+01 0.138707995E+01 0.116420996E+01 0.140382004E+01
 0.115696001E+01 0.141127002E+01 0.115730000E+01 0.141857004E+01 0.116131997E+01
 0.142100000E+01 0.116400003E+01 0.148662996E+01 0.124049997E+01 0.149730003E+01
 0.123458004E+01 0.149761999E+01 0.123427999E+01 0.149744999E+01 0.123174000E+01
 0.149275005E+01 0.121329999E+01 0.149259996E+01 0.121061003E+01 0.149260998E+01
 0.120485997E+01 0.149278998E+01 0.120213997E+01 0.149339998E+01 0.119641995E+01
 0.149469995E+01 0.118510997E+01 0.149621999E+01 0.116069996E+01 0.147981000E+01
 0.112425995E+01 0.148081994E+01 0.112256002E+01 0.148149002E+01 0.112137997E+01
 0.148645997E+01 0.111691999E+01 0.149094999E+01 0.111439002E+01 0.150304997E+01
 0.111243999E+01 0.159696996E+01 0.109489000E+01 0.162549996E+01 0.108529997E+01
 0.163751996E+01 0.107988000E+01 0.164699996E+01 0.107700002E+01 0.178499997E+01
 0.107700002E+01 0.206999993E+01 0.103999996E+01 0.212800002E+01 0.992999971E+00
 0.224499989E+01 0.708999991E+00 0.233956003E+01 0.461430013E+00 0.234707999E+01
 0.415829986E+00 0.234912992E+01 0.272179991E+00 0.235103011E+01 0.170179993E+00
 0.235157990E+01 0.701199993E-01 0.235124993E+01-0.317899995E-01 0.235050988E+01
-0.144350007E+00 0.234964991E+01-0.214829996E+00 0.234870005E+01-0.326689988E+00
 0.234759998E+01-0.386770010E+00 0.234019995E+01-0.453040004E+00 0.232942009E+01
-0.477569997E+00 0.213400006E+01-0.972999990E+00 0.178600001E+01-0.117400002E+01
 0.176800001E+01-0.121099997E+01 0.176800001E+01-0.125000000E+01 0.168200004E+01
-0.125000000E+01 0.137199998E+01-0.125000000E+01 0.137199998E+01-0.132900000E+01
 0.141999996E+01-0.132900000E+01 0.141999996E+01-0.136300004E+01 0.127300000E+01
-0.136300004E+01 0.115300000E+01-0.136300004E+01 0.101600003E+01-0.122300005E+01
 0.101600003E+01-0.122300005E+01 0.101600003E+01-0.829999983E+00 0.101600003E+01
-0.800000012E+00 0.101600003E+01-0.414999992E+00 0.101600003E+01-0.400000006E+00
 0.101600003E+01-0.100000005E-02 0.101600003E+01 0.000000000E+00
    0 0.169550002E+01    0
 0.000000000E+00 0.967511088E-01 0.137406021E+00 0.168747872E+00 0.195336834E+00
 0.218928367E+00 0.238995045E+00 0.258916587E+00 0.277829230E+00 0.295469135E+00
 0.312288910E+00 0.328631759E+00 0.344082862E+00 0.359107763E+00 0.373774707E+00
 0.387954354E+00 0.401753247E+00 0.415281951E+00 0.428553879E+00 0.441531003E+00
 0.454297841E+00 0.466819018E+00 0.479244202E+00 0.491471440E+00 0.503505528E+00
 0.515443265E+00 0.527247250E+00 0.538997889E+00 0.550583661E+00 0.562099159E+00
 0.573592067E+00 0.584966838E+00 0.596321464E+00 0.607611060E+00 0.618872225E+00
 0.630129337E+00 0.641320229E+00 0.652546167E+00 0.663757443E+00 0.674957752E+00
 0.686204612E+00 0.697434247E+00 0.708744705E+00 0.720063031E+00 0.731438816E+00
 0.742886126E+00 0.754385352E+00 0.765998960E+00 0.777654767E+00 0.789467514E+00
 0.801372647E+00 0.813431740E+00 0.825621903E+00 0.838001370E+00 0.850565612E+00
 0.863353789E+00 0.876412630E+00 0.889724553E+00 0.903394222E+00 0.917464674E+00
 0.932006478E+00 0.947093844E+00 0.963002443E+00 0.980125129E+00 0.100000000E+01
    0
